CNN Kernel File
kernel_index: 7
n_feature_in: 3
kernel_size: 3 x 3

bias: 2.082435973e-02
[C0]
3.541036546e-01 3.322981596e-01 5.818392038e-01 
-5.366990715e-02 3.944678903e-01 1.192467138e-01 
-8.097637296e-01 -1.013931751e+00 -6.266011596e-01 

[C1]
2.869339883e-01 6.742224842e-02 3.845863938e-01 
2.066387683e-01 3.924609423e-01 1.624583602e-01 
-5.141988397e-01 -6.629695296e-01 -1.407500803e-01 

[C2]
-1.389081329e-01 7.030620426e-02 5.157486200e-01 
4.873702824e-01 2.369538248e-01 3.506239057e-01 
-3.156192899e-01 -7.606281638e-01 4.871336743e-02 

