CNN Kernel File
kernel_index: 30
n_feature_in: 16
kernel_size: 3 x 3

bias: 1.254253238e-01
[C0]
-4.115940630e-02 -9.308098555e-01 1.714988984e-02 
1.436084360e-01 9.290332347e-02 -5.596577525e-01 
1.432009786e-01 1.652203798e-01 1.360339671e-01 

[C1]
4.574935138e-02 -7.703741640e-02 -4.696893990e-01 
6.478691101e-01 3.004003465e-01 4.261152148e-01 
-3.884269595e-01 -1.135019660e-01 1.041393820e-02 

[C2]
1.707433462e-01 -9.038103744e-03 4.655723274e-01 
-1.656580418e-01 -3.766269982e-01 2.179398686e-01 
-7.466575503e-02 3.164531589e-01 -2.481916845e-01 

[C3]
-1.971002519e-01 -1.805437505e-01 -2.882492840e-01 
2.181326747e-01 3.795198500e-01 1.471159011e-01 
3.407926559e-01 4.410784543e-01 3.558419049e-01 

[C4]
7.359371055e-03 3.826190531e-02 -1.311490983e-01 
1.855690777e-02 9.127540141e-02 -2.806680202e-01 
-2.241633385e-01 -1.893522739e-01 2.337357402e-01 

[C5]
2.293538302e-01 -3.294758871e-02 -4.477084875e-01 
4.785104841e-02 1.197499186e-01 -8.760625124e-02 
1.172852665e-01 2.245980948e-01 1.436479837e-01 

[C6]
-5.893357992e-01 2.581279874e-01 -2.479893267e-01 
-2.674212866e-02 -8.765606880e-01 4.658907354e-01 
6.685451865e-01 -6.412650943e-01 7.554679513e-01 

[C7]
-2.111031264e-01 -8.123625517e-01 -8.258547634e-02 
1.719063148e-02 4.704076648e-01 -1.273932960e-02 
-2.052879184e-01 2.858752012e-02 -5.927961320e-03 

[C8]
2.973916754e-02 -7.496925071e-03 1.188824847e-01 
-9.211428463e-02 3.529785573e-02 -2.156401984e-02 
1.259076968e-02 -2.316590212e-02 1.928750426e-02 

[C9]
5.658476148e-03 2.682473063e-01 -8.395197988e-02 
2.503179386e-02 8.038626611e-02 2.723412514e-01 
2.029571980e-01 3.392301798e-01 -2.199432999e-02 

[C10]
-1.989412606e-01 6.452260911e-02 -6.272943616e-01 
2.464522123e-01 2.593604624e-01 -3.317165077e-01 
-1.602303982e-01 -2.216417529e-02 2.049369812e-01 

[C11]
9.624124318e-02 4.511215687e-01 4.111993685e-02 
-6.688622385e-02 -2.099135667e-01 2.995402515e-01 
-2.625067532e-01 -6.626323611e-02 -6.120572984e-02 

[C12]
5.487942696e-01 -2.199364752e-01 -5.987167954e-01 
2.752685547e-01 -3.964563906e-01 -8.245041221e-02 
-1.568554789e-01 1.416585594e-01 1.865150183e-01 

[C13]
-1.335451305e-01 -6.971353199e-03 -1.742856354e-01 
2.398173064e-01 -1.855606437e-01 4.167655110e-02 
-2.124425173e-01 1.430207193e-01 1.532021910e-01 

[C14]
6.772627681e-02 -1.580919176e-01 -1.862623096e-01 
1.166927721e-02 4.459945951e-03 2.791509032e-02 
-5.894497037e-01 6.930466741e-02 2.437172383e-01 

[C15]
6.684574485e-02 1.596301794e-01 1.198773161e-01 
1.744614728e-02 -1.005570125e-02 5.147950351e-02 
-2.614357769e-01 1.006501466e-01 2.981422842e-01 

