CNN Kernel File
kernel_index: 18
n_feature_in: 16
kernel_size: 3 x 3

bias: -3.734241426e-02
[C0]
-7.424110174e-02 -4.523746669e-02 1.240237057e-02 
-5.738662183e-02 -5.616312847e-02 -1.144093201e-01 
-1.007808000e-01 -2.573790774e-02 -5.313826725e-02 

[C1]
-8.580789715e-02 -5.525465310e-02 -8.779918402e-02 
1.174124610e-02 -8.975873142e-02 -4.615416005e-02 
-3.698340058e-02 -8.699869365e-02 4.284229595e-03 

[C2]
-6.775106490e-02 -4.073696211e-02 -6.346052885e-02 
-2.838778123e-02 2.241280675e-02 -2.314258367e-03 
-2.939580474e-03 -1.251777858e-01 1.848515938e-03 

[C3]
-3.362316266e-02 1.314227120e-04 -4.870512336e-02 
-1.597618451e-03 -3.343730420e-02 3.697897308e-03 
-4.299972579e-02 1.810656115e-02 -2.022203431e-02 

[C4]
-1.041278392e-01 -4.060656950e-02 -1.211449802e-01 
-1.218635142e-01 -1.322599500e-01 -4.767389968e-02 
-4.351366311e-02 -9.179042280e-02 -3.771109506e-02 

[C5]
-1.024189293e-01 -1.202433109e-01 -1.274435595e-02 
3.647818230e-03 -6.090414710e-03 4.443951324e-02 
3.769087419e-02 -7.866225392e-02 -1.108930353e-02 

[C6]
-3.368304670e-02 -4.147269949e-02 -5.852063000e-02 
6.017376855e-02 7.799159503e-04 1.544172037e-02 
-4.892180488e-02 1.140621677e-02 -5.115563422e-02 

[C7]
-2.614879794e-02 -3.610462323e-02 -8.750232309e-02 
1.753197797e-02 7.546931505e-03 -2.757178806e-02 
6.843050569e-02 5.322167650e-02 -1.037923917e-01 

[C8]
-6.326895952e-02 1.923915744e-02 2.380549908e-03 
-4.061532021e-02 -6.446757168e-02 5.221348256e-02 
3.011357039e-02 2.054268867e-02 5.210252851e-02 

[C9]
-3.284374997e-02 -7.638486475e-02 -4.091618210e-02 
-1.093005836e-01 -8.578813821e-02 -1.083979905e-01 
-8.951783925e-02 1.045556739e-02 -5.951565504e-02 

[C10]
-3.085351636e-05 -4.215224832e-02 -9.811205417e-02 
-1.595777832e-02 -1.334449202e-01 -3.939985111e-02 
-6.392543763e-02 -3.079472668e-02 -8.801112324e-02 

[C11]
-8.289924264e-02 -1.716861725e-01 -1.601470560e-01 
-9.845061600e-02 -1.792794615e-01 -9.837178141e-02 
-1.739545017e-01 -1.505117863e-01 -5.812492594e-02 

[C12]
2.274296619e-02 6.242654752e-03 -2.776056901e-02 
-1.358277500e-01 1.713518053e-02 -5.618384853e-02 
-7.584716380e-02 -7.515373081e-02 -3.973232117e-03 

[C13]
-5.828408524e-02 -6.832039449e-03 -4.948382825e-02 
-8.328266442e-02 -6.862400472e-02 1.630279608e-02 
-5.638319626e-02 -2.798125148e-02 -1.062744334e-01 

[C14]
1.843847707e-02 -1.173491329e-01 -2.297278680e-02 
-6.152509153e-02 7.232005009e-04 1.872071251e-02 
-1.285438836e-01 -6.575848907e-02 -4.845239222e-02 

[C15]
2.629335970e-02 4.665248841e-02 -5.983605981e-02 
-8.424818516e-02 -6.144917011e-02 4.761421308e-02 
-2.396179549e-02 4.179067165e-02 4.622263461e-02 

