CNN Kernel File
kernel_index: 10
n_feature_in: 8
kernel_size: 3 x 3

bias: 2.926331758e-01
[C0]
4.500185251e-01 -9.414764494e-02 -4.592357203e-03 
3.607554138e-01 -9.376172721e-02 8.815147728e-02 
3.291942477e-01 1.534773409e-01 6.935116649e-02 

[C1]
2.526306808e-01 1.888320446e-01 4.189034998e-01 
-9.756758809e-02 -1.692256927e-01 -8.003549278e-02 
1.301613003e-01 -9.176000208e-02 1.539420784e-01 

[C2]
-5.568289757e-01 4.726799205e-02 -3.359148800e-01 
1.082793236e+00 6.748279929e-01 1.429864466e-01 
-6.275694817e-02 3.725853264e-01 1.533064097e-01 

[C3]
-7.475010753e-01 -3.707163036e-01 -1.086866781e-01 
1.413450688e-01 -2.526474297e-01 1.436700374e-01 
-2.846208960e-02 -1.798143089e-01 1.163006648e-01 

[C4]
-1.465932429e-01 -1.390882581e-01 1.775261015e-02 
1.376405265e-02 -2.744129002e-01 4.178532064e-01 
-1.999967247e-01 -1.093985066e-01 -2.351986766e-01 

[C5]
1.328868717e-01 -1.702782512e+00 9.766645730e-02 
-1.405088305e-01 -8.591529131e-01 -4.973213673e-01 
-4.322931543e-02 2.903561294e-01 8.833013773e-01 

[C6]
-3.165662289e-01 1.459062845e-01 3.181462735e-02 
6.204905361e-02 -5.403308272e-01 2.087031156e-01 
-3.526713550e-01 2.632513940e-01 -2.032901496e-01 

[C7]
-9.011263251e-01 -1.658746839e+00 -8.957849145e-01 
1.313714981e+00 3.489164114e-01 1.745706648e-01 
-9.426552653e-01 -4.812759459e-01 8.652851582e-01 

