CNN Kernel File
kernel_index: 9
n_feature_in: 8
kernel_size: 3 x 3

bias: 7.291929126e-01
[C0]
-5.515915900e-02 -8.058150858e-02 -2.012560703e-02 
3.014158607e-01 8.981604874e-02 2.732535899e-01 
2.958985567e-01 4.324261546e-01 -1.199234184e-02 

[C1]
-1.670427173e-01 -4.197199047e-01 -5.222298503e-01 
1.575349569e-01 6.088101864e-02 1.490095556e-01 
2.206121087e-01 4.719352350e-02 -2.666093111e-01 

[C2]
1.159992442e-01 9.789112806e-01 5.779373646e-01 
-1.546434313e-02 -4.815509170e-02 1.671665758e-01 
2.069247067e-01 -9.673826396e-02 -1.258306205e-01 

[C3]
-3.055677712e-01 -5.928483009e-01 -4.627997875e-01 
2.209570706e-01 -8.061075211e-02 -1.997023635e-02 
1.833732426e-01 -2.222692035e-02 -2.392460555e-01 

[C4]
2.225584239e-01 -1.926349849e-01 -2.963856459e-01 
4.485262334e-01 8.439516276e-02 -1.437387913e-01 
2.007063925e-01 2.123927176e-01 -5.519451201e-02 

[C5]
-3.337194026e-01 -8.119096607e-02 2.113501132e-01 
-5.407319665e-01 -1.669223607e-01 7.202025652e-01 
1.646199375e-01 6.031410098e-01 8.401310444e-01 

[C6]
1.238561869e-01 -3.290219009e-01 1.281149313e-02 
1.117912531e-01 -3.173194453e-02 3.608461916e-01 
2.600493729e-01 1.901838332e-01 -1.821917854e-02 

[C7]
-6.477839947e-01 -1.023130655e+00 6.073462591e-02 
-1.698527813e+00 -1.493179440e+00 -1.216818858e-02 
-7.999258637e-01 -6.462222934e-01 -1.688881040e+00 

