CNN Kernel File
kernel_index: 9
n_feature_in: 16
kernel_size: 3 x 3

bias: 3.563547730e-01
[C0]
3.261368871e-01 -1.541254371e-01 5.754371732e-02 
4.012772143e-01 -2.019819915e-01 -2.207775116e-01 
4.002570510e-01 1.840048432e-01 -3.041476756e-02 

[C1]
2.446098924e-01 -1.953019574e-02 2.361989617e-01 
4.119029641e-02 2.844069898e-01 -3.797324002e-01 
-2.607795596e-01 -2.103837579e-01 -2.144707739e-01 

[C2]
-3.071185574e-02 8.999592811e-02 1.769349128e-01 
-2.481112331e-01 2.872989178e-01 -2.064715922e-01 
2.794226706e-01 -2.287071757e-02 1.806537807e-01 

[C3]
1.761841625e-01 1.790311038e-01 2.374404669e-01 
-2.751463652e-01 -2.178951204e-01 3.563272581e-02 
-3.010277450e-01 -2.744714618e-01 7.237827778e-02 

[C4]
1.239588633e-01 6.145673245e-02 1.941432804e-01 
-1.233267635e-01 -4.076197445e-01 -1.462493092e-01 
2.597922385e-01 -1.353346407e-01 -3.519701064e-01 

[C5]
2.750416100e-02 3.910073936e-01 -1.595653594e-01 
1.222110167e-01 3.548290813e-03 2.131685615e-01 
-1.361339390e-01 -3.563014045e-02 2.172790617e-01 

[C6]
5.281115174e-01 2.804155648e-01 4.366783798e-02 
1.805176437e-01 5.882962346e-01 -3.612326458e-02 
3.728190362e-01 -6.667814404e-02 -7.099981606e-02 

[C7]
-2.785950601e-01 -1.856344789e-01 -1.440166496e-03 
1.018584520e-02 -5.478127003e-01 2.473787963e-02 
1.480872929e-01 5.526121855e-01 2.509586513e-01 

[C8]
-1.080507040e-01 2.191838808e-02 -3.677341715e-02 
4.919630289e-02 6.589999050e-02 -5.686108023e-02 
-1.117657647e-01 8.688207716e-03 8.954685181e-02 

[C9]
2.629585862e-01 -2.995654643e-01 -2.427264154e-01 
-5.250399187e-02 -1.274816841e-01 1.165480167e-02 
2.438467927e-02 3.255879879e-01 -2.855155766e-01 

[C10]
-3.516012132e-01 2.834516391e-02 3.315638006e-01 
1.889262944e-01 -5.354659259e-02 2.183272988e-01 
1.768670827e-01 -2.121014595e-01 -3.448701231e-03 

[C11]
1.892827451e-01 4.135481268e-02 4.117799699e-01 
4.177175760e-01 -9.771811962e-02 4.299514741e-02 
1.544668525e-01 -6.643405557e-02 -5.893190950e-02 

[C12]
-3.382204473e-02 -5.851056576e-01 2.683738470e-01 
-4.303527251e-02 -6.492996961e-02 3.515039682e-01 
-5.461473465e-01 -1.269107163e-01 -4.764517844e-01 

[C13]
-1.299975067e-01 3.207501173e-01 -1.204174086e-01 
2.829961181e-01 5.735283718e-02 1.663080305e-01 
-3.566416502e-01 -2.159291655e-01 -5.896139517e-02 

[C14]
-1.058876663e-01 4.934156686e-02 -3.131145239e-02 
1.631450504e-01 -2.679617703e-01 -2.926544845e-01 
-2.433039844e-01 -4.536567330e-01 -8.760648221e-02 

[C15]
1.613694727e-01 -1.556617469e-01 -3.321873546e-01 
-2.083582282e-01 1.258096658e-02 2.840798795e-01 
5.783842206e-01 2.525509000e-01 4.513157308e-01 

