CNN Kernel File
kernel_index: 0
n_feature_in: 8
kernel_size: 3 x 3

bias: 2.508000135e-01
[C0]
-4.679008722e-01 -2.877362967e-01 3.296028078e-02 
-5.613846779e-01 3.115275502e-01 4.754607677e-01 
-2.212015092e-01 8.165157586e-02 1.320990771e-01 

[C1]
-5.955940485e-01 -4.733455777e-01 -3.323062956e-01 
-4.090784788e-01 1.515913904e-01 -1.216384768e-02 
5.282959342e-02 3.925002217e-01 5.383657292e-02 

[C2]
-1.189653054e-01 -2.147123218e-01 -1.193307415e-01 
6.549786031e-02 9.740566835e-03 2.108453363e-01 
-5.990400314e-01 8.423388004e-01 8.588923514e-02 

[C3]
-8.288552165e-01 -5.663660169e-01 2.342875153e-01 
-6.485019326e-01 1.951501817e-01 7.806144953e-01 
-1.407152265e-01 4.208919406e-01 2.855000198e-01 

[C4]
-8.447589278e-01 -4.389795661e-01 2.389895916e-01 
-5.080754161e-01 -9.578461945e-02 4.176212847e-01 
3.507423401e-02 2.877888381e-01 3.514874578e-01 

[C5]
-2.725622952e-01 -7.281360775e-02 6.816115379e-01 
2.541478872e-01 5.812801719e-01 4.881991744e-01 
5.257481337e-01 8.474199772e-01 -4.225594997e-01 

[C6]
-9.057978988e-01 -3.731087223e-02 3.041728139e-01 
-5.273712873e-01 4.390902519e-01 5.496606827e-01 
1.354914010e-01 1.227791160e-01 -1.476383861e-02 

[C7]
-1.187174678e+00 -8.197162300e-02 -4.881812036e-01 
9.656147659e-02 -3.151465952e-01 6.435184479e-01 
5.931583047e-01 -2.171739638e-01 1.117637455e-01 

