CNN Kernel File
kernel_index: 19
n_feature_in: 16
kernel_size: 3 x 3

bias: -4.047066718e-02
[C0]
-4.593171179e-02 2.277286723e-02 1.860308833e-02 
2.762036771e-02 -6.745773554e-02 -1.055491064e-02 
4.795643501e-03 -1.115891337e-02 -4.262216389e-02 

[C1]
-7.089943439e-02 -4.755456001e-02 -3.096713498e-02 
4.247351363e-02 -7.507973909e-02 5.641732365e-02 
-6.567315012e-02 -6.119643524e-02 1.504004747e-02 

[C2]
-9.344494902e-03 5.709823966e-02 2.081839181e-02 
-2.776429988e-02 -2.518865839e-02 -5.131190270e-02 
1.737463661e-02 -3.943482414e-02 1.932783797e-02 

[C3]
-7.312641293e-02 -7.914078236e-02 -5.681957304e-02 
6.014896184e-02 -2.699031029e-03 6.118731201e-02 
-2.107750438e-02 4.869434237e-02 -7.664941251e-02 

[C4]
5.093197897e-02 -6.829492003e-02 4.443573579e-02 
2.897076495e-02 1.337767299e-02 -7.750339806e-02 
-7.743310183e-02 3.042346612e-02 1.490296703e-02 

[C5]
-8.364981413e-02 -3.629511595e-02 2.403955348e-02 
4.481774941e-02 -5.940554664e-02 -4.050000012e-02 
-4.153485410e-03 3.613232449e-02 -5.109371990e-02 

[C6]
-8.602946252e-02 -5.554303061e-03 -5.370665714e-02 
-8.095731959e-03 -2.221727744e-02 4.561190307e-02 
6.202117354e-02 -3.084051050e-02 -2.013673075e-02 

[C7]
1.349646691e-02 1.597276144e-02 4.747160152e-02 
1.252885722e-02 3.204587102e-02 1.390121505e-02 
-4.268562421e-02 3.493283316e-02 -8.519012481e-02 

[C8]
3.745339811e-03 4.673594981e-02 6.838197261e-02 
-3.507845104e-03 6.193426996e-02 -3.135697171e-02 
-4.426234961e-02 -2.030072361e-02 6.031940132e-02 

[C9]
1.782741398e-02 -4.352683574e-02 -2.790378220e-02 
4.608433694e-02 -4.348953068e-02 -4.209907725e-02 
1.978232292e-03 4.222982004e-02 -4.553765059e-02 

[C10]
1.792982593e-02 -2.580748498e-02 3.437021375e-02 
-7.720424235e-02 -7.474188507e-02 -4.809219763e-02 
-5.467158742e-03 1.845568232e-02 4.244297743e-02 

[C11]
-1.079356764e-02 -7.693170756e-02 3.041292168e-02 
-4.824582860e-02 -5.858857557e-02 1.972033642e-04 
-6.295140833e-02 -4.207046237e-03 3.692141920e-02 

[C12]
1.947095059e-02 -5.161026120e-02 2.250081114e-02 
-4.744952172e-02 3.058725409e-02 -2.905271947e-02 
-1.810171083e-02 -2.982408553e-02 -5.959243700e-02 

[C13]
-6.440573186e-02 -7.001647353e-02 -9.168656170e-02 
-1.311606728e-02 -9.586685896e-02 6.523850607e-04 
-8.746093512e-02 5.074670073e-03 -8.457282186e-02 

[C14]
-7.278043777e-02 1.582532749e-02 4.980747029e-02 
-4.941645637e-02 3.359036148e-02 -4.547016323e-02 
-4.098189250e-02 4.597082362e-02 1.218375843e-02 

[C15]
-5.922317132e-02 3.812167048e-02 -1.069665477e-01 
-5.988601968e-02 -5.276387185e-02 -9.846069664e-02 
-9.530723095e-03 2.587402053e-02 2.637857571e-02 

