CNN Kernel File
kernel_index: 12
n_feature_in: 16
kernel_size: 3 x 3

bias: 2.235044166e-02
[C0]
-4.796079919e-02 -2.970641851e-02 -6.755365431e-02 
-6.505893916e-02 -6.596340239e-02 -2.848464809e-02 
-2.127070352e-02 -1.668512821e-01 -4.647257179e-02 

[C1]
-4.488468170e-02 -2.016056702e-02 5.573516339e-02 
7.262955606e-02 5.593019305e-04 -1.426677126e-02 
7.402504236e-02 -6.782384962e-02 -4.474131390e-02 

[C2]
-9.061016142e-02 1.598411473e-03 7.129841298e-02 
-1.743027419e-01 -1.018870547e-01 5.183561519e-02 
-1.000122800e-01 2.876915783e-02 2.749269642e-02 

[C3]
-9.558486193e-02 -2.394906245e-02 2.100028843e-02 
-7.588984817e-02 -5.193390325e-02 1.242831931e-03 
-8.487267792e-02 3.897264227e-02 -8.997075260e-02 

[C4]
-8.355484903e-02 -1.636551693e-03 -6.687011570e-02 
-1.449446380e-02 -1.500197500e-01 -5.906226486e-02 
-7.619985938e-02 -4.164971039e-02 -7.531835884e-02 

[C5]
-6.191393360e-02 1.849178225e-02 -4.520932958e-02 
2.830259502e-02 -9.342290461e-02 2.552592754e-02 
-8.690630645e-02 1.355049200e-02 3.487247974e-02 

[C6]
4.804249480e-02 -8.551400900e-02 -2.539929189e-02 
4.230762646e-02 -5.786978081e-02 -2.666753531e-02 
2.035258524e-02 3.514456376e-02 -6.015367433e-02 

[C7]
4.546282440e-02 1.822293364e-02 -6.683368236e-02 
1.390239783e-02 5.019444972e-02 -6.969259679e-02 
-6.535787601e-03 7.065219432e-02 -6.647705287e-02 

[C8]
-6.250145286e-02 8.933156729e-03 -5.625089258e-02 
-5.780055374e-02 2.740580589e-02 -4.238660261e-02 
-7.506860793e-02 4.336378723e-02 5.252697319e-02 

[C9]
3.077774309e-02 1.285643503e-02 -8.392107557e-04 
-8.262998424e-03 6.532201078e-03 -5.832083896e-02 
-8.439991623e-03 3.744393215e-02 -6.719477475e-02 

[C10]
1.673355885e-02 8.087721653e-03 -5.681569129e-02 
-6.232156605e-02 -8.930110931e-02 6.057935208e-02 
3.484817967e-02 -4.580085631e-03 -2.299853986e-05 

[C11]
-9.382560849e-02 -1.146617457e-01 5.778099876e-03 
-1.041085720e-01 -6.345675141e-02 -6.271950901e-02 
9.470350109e-03 4.905799404e-03 4.213481024e-02 

[C12]
-7.758029550e-02 4.836739227e-02 1.062794216e-02 
2.381304279e-02 -5.444124714e-02 -1.663514599e-02 
1.021728851e-02 3.122149035e-02 5.902781710e-02 

[C13]
-6.379604340e-02 -7.253328711e-02 4.401010275e-02 
-7.913047820e-02 5.135417916e-03 -3.424967825e-02 
-3.461813182e-02 6.083880365e-02 -7.354643196e-02 

[C14]
-9.697277099e-02 3.286971524e-02 -5.925775692e-02 
4.367780685e-02 -1.930218004e-02 -3.203516826e-03 
5.503972527e-03 5.168574397e-03 2.638030238e-02 

[C15]
4.360639025e-03 -4.090411123e-03 2.701430768e-02 
1.368464716e-02 5.826949328e-02 1.849855110e-02 
-2.528352477e-02 -2.435857430e-02 3.027067892e-02 

