CNN Kernel File
kernel_index: 27
n_feature_in: 16
kernel_size: 3 x 3

bias: 2.742497995e-02
[C0]
-5.435578525e-03 -2.271010168e-02 -3.390345350e-02 
-7.285724580e-02 2.154312842e-02 -3.937494010e-02 
1.279767603e-02 8.192612976e-02 1.575661451e-02 

[C1]
1.822117530e-02 -7.192834467e-02 -3.886581585e-02 
7.014431804e-02 -8.459641784e-02 5.867791921e-02 
-2.151140012e-02 -6.308872253e-02 5.390183255e-02 

[C2]
2.678505378e-03 -3.240272403e-02 4.690338671e-02 
-1.785912737e-02 -6.221038848e-02 -8.799030632e-02 
5.428649113e-02 -1.975636184e-02 -6.467448175e-02 

[C3]
6.542630494e-03 -8.613493294e-02 -2.508217003e-03 
-4.940051958e-02 5.217657238e-02 -2.153762244e-02 
5.379473045e-02 4.511457309e-02 -6.636281312e-02 

[C4]
-5.928345397e-02 -2.215679735e-02 1.408653706e-02 
1.037631463e-02 -7.732330263e-02 -4.920905828e-02 
-8.082381636e-02 4.028714448e-02 -4.092754796e-02 

[C5]
-5.669597164e-02 -8.380095661e-02 -7.649954408e-02 
-5.615182966e-02 6.236632913e-02 6.084507331e-02 
-5.625398457e-02 4.094382003e-02 -9.453505278e-03 

[C6]
-2.972014993e-02 3.851784766e-02 3.386266530e-02 
-1.784907281e-02 3.200876713e-02 5.548433587e-02 
2.098792465e-04 -2.821465395e-02 1.286986284e-02 

[C7]
3.045037016e-02 5.050362274e-02 1.257810649e-02 
-7.501944900e-03 -3.304458037e-02 -1.575482637e-02 
7.580918074e-02 -6.684662402e-02 -4.667859152e-02 

[C8]
-1.285112649e-02 -6.949647516e-02 -5.899956822e-02 
6.138802320e-02 -3.912374377e-02 -7.926456630e-02 
1.097953320e-02 -8.296138048e-02 5.060821772e-03 

[C9]
-3.245237097e-02 -2.687451662e-03 -9.052158892e-02 
3.629688872e-03 -6.277779490e-02 -5.031030253e-02 
3.723771498e-02 -3.378368169e-02 6.301301718e-02 

[C10]
-7.466354966e-02 -1.071415190e-02 -6.881245226e-02 
-4.130297166e-04 1.176766213e-02 -7.642873377e-02 
-4.251190275e-02 -5.824317411e-02 -1.066153869e-02 

[C11]
-8.260600269e-02 8.021295071e-02 -4.911500588e-02 
5.248445645e-02 -7.162607275e-03 -1.262464374e-02 
4.034271464e-02 4.990430921e-02 -7.365886867e-02 

[C12]
4.007872939e-02 3.489580750e-02 1.300717797e-02 
2.137894928e-02 -8.698541671e-02 6.714829803e-02 
-7.375545055e-02 -7.269675285e-02 -5.351309851e-02 

[C13]
-5.359084904e-02 -9.349352866e-02 4.505904391e-02 
-2.736231498e-02 -5.015532672e-02 -5.668567866e-02 
-4.865200818e-02 1.532386150e-02 7.094116509e-02 

[C14]
-8.872207999e-02 2.283991314e-02 1.985489018e-02 
-3.886481375e-02 -3.581242636e-02 -5.683241040e-02 
-7.361001521e-02 -2.074354887e-02 -6.969362497e-02 

[C15]
-4.816649482e-02 2.975935303e-02 -7.333488762e-02 
-3.818452358e-02 -8.586056530e-02 -7.543767244e-02 
-1.430291496e-02 -6.857629865e-02 -2.162116766e-02 

