CNN Kernel File
kernel_index: 3
n_feature_in: 3
kernel_size: 3 x 3

bias: -6.327239871e-01
[C0]
3.639714122e-01 3.005813360e-01 -3.750950471e-02 
2.621947825e-01 1.420450509e-01 1.914047152e-01 
2.103963867e-02 -1.366448253e-01 1.189061105e-01 

[C1]
4.086040854e-01 4.114702642e-01 4.244807363e-01 
4.599828422e-01 1.604038626e-01 3.708935976e-01 
3.828302026e-01 1.036565751e-01 3.745567203e-01 

[C2]
2.431468815e-01 1.522811949e-01 4.594077915e-02 
-1.593004614e-01 -2.261565030e-01 -1.652324349e-01 
-5.859845877e-01 -6.720319390e-01 -2.456862628e-01 

