CNN Kernel File
kernel_index: 8
n_feature_in: 16
kernel_size: 3 x 3

bias: 4.243092835e-01
[C0]
6.972958446e-01 2.960610688e-01 4.006087482e-01 
3.802419305e-01 4.655919671e-01 7.087352276e-01 
7.514894009e-01 6.219124794e-01 -4.385600686e-01 

[C1]
-3.309222162e-01 5.515062213e-01 -2.267712504e-01 
1.320846286e-02 9.749700874e-02 -6.662725657e-02 
5.431047678e-01 -3.487129211e-01 1.645786762e-01 

[C2]
1.570879519e-01 -1.452476680e-01 2.046641260e-01 
5.415273085e-02 2.663912773e-01 -2.820324302e-01 
-1.955451369e-01 -3.984538615e-01 1.095727645e-02 

[C3]
-6.633041501e-01 9.526217356e-03 -4.424477816e-01 
3.358191550e-01 1.707999706e-01 -1.981151700e-01 
-8.094552904e-03 -3.703232110e-01 -5.078724027e-02 

[C4]
-1.078370884e-01 -6.404132247e-01 1.946779490e-01 
-4.551941156e-01 -2.308500744e-02 3.821477592e-01 
1.756758094e-01 -9.327743948e-02 2.273450494e-01 

[C5]
3.176110089e-01 -2.334990948e-01 -3.421002030e-01 
2.167033404e-01 -3.461803794e-01 3.870800138e-01 
-5.442995429e-01 -2.909039557e-01 1.165658310e-01 

[C6]
-7.063998282e-02 4.884109795e-01 1.682083309e-01 
-2.712646723e-01 1.607036442e-01 -4.116678238e-01 
-4.704205692e-01 -1.993767917e-01 6.622470915e-02 

[C7]
-8.290749788e-02 -1.755330265e-01 -7.025068998e-02 
2.980808616e-01 -1.693123281e-01 2.173746377e-01 
-2.459344119e-01 -3.306849301e-01 -8.917553723e-02 

[C8]
5.060992390e-02 -1.099461224e-03 -2.718424238e-02 
-3.024838306e-02 5.908562243e-02 3.748954087e-02 
-8.123989217e-03 1.952563645e-03 5.392207950e-02 

[C9]
-1.034467220e-01 -2.164542675e-03 4.389066994e-01 
6.656109691e-01 2.125102133e-01 1.551390737e-01 
7.152982801e-02 -1.926966757e-01 -2.201837748e-01 

[C10]
4.681759477e-01 -7.341788709e-02 3.062810004e-01 
-9.904714674e-02 1.187080219e-01 -7.357678562e-02 
-4.813250005e-01 -3.207671642e-01 4.393425286e-01 

[C11]
-5.309636518e-02 3.045593798e-01 -7.895557284e-01 
1.773750931e-01 1.345525742e+00 6.627690978e-03 
-4.429378211e-01 2.218522578e-01 1.032514796e-01 

[C12]
1.610953733e-02 3.458836377e-01 -2.975118756e-01 
-1.080110595e-01 -1.248612907e-02 1.419034004e-01 
1.915489696e-02 -3.192965090e-01 -8.109412342e-02 

[C13]
-5.067020655e-01 -1.086259484e+00 -9.292764962e-02 
-3.158650398e-01 -3.514629900e-01 -1.206635013e-01 
5.813688412e-02 -4.639646038e-02 -2.749786675e-01 

[C14]
2.668209672e-01 -1.335001290e-01 2.710844576e-01 
3.632676303e-01 1.615763903e-01 -5.778649822e-02 
-3.717120886e-01 5.030480027e-01 -1.794808358e-01 

[C15]
-8.120167255e-02 -6.733366847e-01 -3.279712200e-01 
5.531658418e-03 -3.018716574e-01 -2.433969378e-01 
1.146448553e-01 2.471714765e-01 1.695670635e-01 

