CNN Kernel File
kernel_index: 3
n_feature_in: 16
kernel_size: 3 x 3

bias: -8.430142701e-02
[C0]
-2.628675895e-03 5.669324845e-02 -8.676023781e-02 
1.030536834e-02 -1.379132364e-02 5.215032026e-03 
2.501185983e-02 -9.102801979e-02 -1.145101711e-02 

[C1]
-1.089507993e-02 -2.388164401e-02 3.535589576e-02 
1.259944867e-02 5.678218976e-02 5.995299295e-02 
2.742494456e-03 -7.750840485e-02 1.366381627e-02 

[C2]
3.488648310e-02 -6.259897351e-02 4.814571515e-02 
-6.222458929e-02 -4.767496884e-02 -6.780315191e-02 
4.365104437e-02 3.022262082e-02 1.377896033e-02 

[C3]
-1.800846495e-02 1.467112172e-02 -2.606164478e-02 
-3.209673613e-02 -4.530628771e-02 -4.213390872e-02 
-1.361316629e-02 -6.483624130e-02 -7.400530390e-03 

[C4]
-2.948139235e-02 2.330882102e-02 4.143904895e-02 
-5.211861059e-02 -8.841459453e-02 -1.818488538e-02 
3.798675537e-02 3.034415282e-02 -8.147846907e-02 

[C5]
-1.182542648e-02 1.488957368e-02 4.479927197e-02 
-3.059664741e-02 -4.604445025e-02 -6.879529357e-02 
5.376521870e-02 -2.175772004e-02 1.302969549e-02 

[C6]
3.050022572e-02 -8.522774279e-02 6.465039402e-02 
-1.201118808e-02 2.557755820e-02 6.327058375e-02 
7.228063047e-02 1.140577346e-02 -4.205004126e-02 

[C7]
1.997470111e-02 3.135991096e-02 -7.285393076e-05 
5.498914421e-02 -1.563664339e-02 7.517833728e-03 
3.089429112e-03 -2.956196852e-02 -9.214577079e-02 

[C8]
5.601645261e-02 -5.814135075e-02 4.594696313e-02 
-6.362255663e-02 5.539578944e-02 5.788693577e-02 
-7.541298121e-02 -4.366294667e-02 -5.765119195e-02 

[C9]
2.520189993e-02 5.941362679e-02 9.827745147e-03 
-7.731773704e-02 -2.987001091e-02 -4.974443465e-02 
7.972988300e-03 -2.935259975e-02 -4.750752449e-02 

[C10]
-1.827003062e-02 -9.789954871e-02 -8.850616962e-02 
3.015654534e-02 -1.983783767e-02 -2.389874123e-02 
-7.597134262e-02 1.683234703e-03 1.730084047e-02 

[C11]
-2.959457925e-04 -3.366924822e-02 -4.069020599e-02 
2.673370577e-02 -5.014218856e-03 -1.317993551e-02 
-3.384627774e-02 -3.897238523e-02 6.248551235e-02 

[C12]
3.119234741e-02 -6.030364335e-02 3.374931589e-02 
-8.366850764e-02 -6.302241236e-02 -7.153547555e-02 
-5.173863471e-02 -8.355183154e-02 4.568675160e-02 

[C13]
-1.396403555e-02 -3.963216767e-02 -8.190638572e-02 
5.613462627e-02 -6.802521646e-02 6.310879439e-02 
-2.650335198e-03 -8.825133555e-03 -8.934071660e-02 

[C14]
-5.433832854e-02 -4.334046319e-02 -9.771090001e-03 
-8.807443827e-02 -8.033311367e-02 1.595364534e-03 
4.837648943e-02 1.581101865e-02 -6.067230925e-02 

[C15]
-3.379820660e-02 7.803097833e-03 -9.743312001e-02 
5.629022047e-02 -2.812187932e-02 1.409759466e-02 
-4.641271383e-02 -8.018387109e-02 -1.902136579e-02 

