CNN Kernel File
kernel_index: 6
n_feature_in: 16
kernel_size: 3 x 3

bias: 1.895934343e-01
[C0]
2.373650968e-01 4.126425087e-02 2.924323678e-01 
3.643449768e-02 9.573581219e-01 -1.694340110e-01 
-1.561070532e-01 3.589208424e-01 -1.220363453e-01 

[C1]
1.750601828e-01 -1.090934873e-01 2.261729687e-01 
-6.605651230e-02 4.364774227e-01 -4.340194538e-02 
-1.310446560e-01 4.254530668e-01 9.287237376e-02 

[C2]
1.118666828e-01 1.077184603e-01 3.029806614e-01 
1.995715499e-01 -1.591004878e-01 3.153341636e-02 
2.208626270e-01 1.574860066e-01 2.631463706e-01 

[C3]
-2.053086609e-01 3.075963259e-01 -1.713205427e-01 
-1.706022620e-01 7.955646515e-02 1.017595008e-01 
2.827105112e-02 -4.455830753e-01 2.456395775e-01 

[C4]
-4.857650995e-01 1.494010091e-01 1.734749973e-01 
4.405254126e-01 -3.982642889e-01 -1.369052529e-01 
1.190696359e-01 -3.130246401e-01 2.518364489e-01 

[C5]
-4.005095661e-01 -1.276661456e-01 1.743826866e-01 
6.880427599e-01 6.801691651e-02 -2.394182682e-01 
-1.168017238e-01 8.012657613e-02 -8.385747075e-01 

[C6]
1.200030521e-01 -8.899693191e-02 1.013236642e+00 
6.470907331e-01 -1.489980966e-01 -1.077591479e-01 
1.987439096e-01 1.762752533e-01 -7.283830643e-01 

[C7]
-2.680570781e-01 8.053684235e-02 -1.639616787e-01 
2.475051880e-01 -5.429010373e-03 -1.662030667e-01 
-1.164912209e-01 -5.522969365e-01 6.118463874e-01 

[C8]
3.483703360e-02 -2.146914229e-02 1.379542146e-02 
-8.550036699e-02 -6.562030315e-02 -1.193551049e-01 
-9.842973202e-02 5.534045026e-02 -1.034779623e-01 

[C9]
-2.104235888e-01 -1.986886412e-01 4.665034711e-01 
-7.422218323e-01 -5.428350344e-02 3.115296131e-03 
2.589228153e-01 5.986982211e-02 1.335760802e-01 

[C10]
-5.990381539e-02 -6.342179179e-01 1.524891257e-01 
5.888159275e-01 -2.713176012e-01 9.356041998e-02 
5.550398231e-01 2.777156420e-03 5.132466555e-01 

[C11]
-9.405269027e-01 -8.591530472e-02 5.190618634e-01 
-2.918027937e-01 4.291754365e-01 1.203668341e-01 
-9.887418710e-03 -1.600513458e-01 -1.432211548e-01 

[C12]
-2.095067352e-01 2.461820608e-03 -3.329896554e-02 
-3.547202945e-01 2.675848007e-01 4.823551178e-01 
-4.219041169e-01 7.598206997e-01 -2.701280713e-01 

[C13]
-1.659930348e-01 5.961695313e-01 4.923568070e-01 
5.475141108e-02 -4.943485558e-01 -3.009296581e-02 
-1.239006966e-01 4.873276651e-01 -2.388547361e-01 

[C14]
-3.204102516e-01 4.179320037e-01 -2.479997724e-01 
-3.960922956e-01 2.416345626e-01 -8.818811178e-02 
-5.244556069e-01 1.700803936e-01 1.759528220e-01 

[C15]
-3.081435561e-01 -4.138882756e-01 -3.285899162e-01 
7.825253904e-02 -6.112595201e-01 -2.262630463e-01 
-1.006846726e-01 1.411225796e-01 -1.016250178e-01 

