CNN Kernel File
kernel_index: 11
n_feature_in: 8
kernel_size: 3 x 3

bias: 5.082091689e-01
[C0]
5.206263065e-02 8.588185906e-02 1.298987716e-01 
-1.199749671e-02 2.629814148e-01 2.655810714e-01 
-2.396454476e-02 4.012689292e-01 4.617801011e-01 

[C1]
-6.836026907e-02 -1.146562099e-01 -1.446174830e-02 
-1.320753992e-01 -5.062128231e-02 1.010524929e-01 
-3.431706429e-01 2.061070353e-01 3.735216558e-01 

[C2]
-2.851795256e-01 -2.022960633e-01 -8.447086215e-01 
-6.685167551e-02 -3.811221421e-01 -2.684248984e-01 
4.560990259e-02 2.980305254e-01 1.270176377e-03 

[C3]
-4.345216230e-02 -1.106682792e-01 4.418291152e-02 
-1.420568973e-01 -6.682911515e-02 -3.443899751e-02 
-3.247579932e-02 3.318395615e-01 3.206712306e-01 

[C4]
-2.583337128e-01 -3.493597507e-01 -1.980018616e-01 
-3.198049366e-01 2.319793403e-01 2.152146697e-01 
9.062405676e-02 3.977631032e-01 2.456053644e-01 

[C5]
-9.381093383e-01 5.804746747e-01 -1.343334079e+00 
-9.598022103e-01 3.676164746e-01 -9.198774099e-01 
-1.115137458e+00 6.124932319e-02 4.021200240e-01 

[C6]
-1.929765940e-01 -3.013178706e-01 -8.377001435e-02 
-4.020975828e-01 1.141821146e-01 -5.805730447e-02 
-1.972612292e-01 1.038685534e-02 -4.404366482e-04 

[C7]
1.437339783e-01 -3.857802451e-01 -2.852386534e-01 
-2.696376741e-01 5.305629373e-01 -2.857313156e-01 
-7.603030801e-01 4.507173002e-01 1.979136914e-01 

