CNN Kernel File
kernel_index: 22
n_feature_in: 16
kernel_size: 3 x 3

bias: -5.491927862e-01
[C0]
3.987677023e-02 -7.753383368e-02 -8.035266399e-01 
-1.144538045e+00 1.107709035e-01 8.759865761e-01 
6.211481616e-02 -5.602176189e-01 6.590003371e-01 

[C1]
1.719757728e-02 -3.080215454e-01 1.793529540e-01 
4.398110807e-01 4.688109085e-02 5.554682016e-01 
4.733712375e-01 -8.559088409e-02 -2.278220057e-01 

[C2]
-8.023294210e-01 -2.310877591e-01 1.245017797e-01 
-2.440183908e-01 -5.237544887e-03 1.321651414e-02 
5.287658572e-01 6.962192655e-01 3.362215459e-01 

[C3]
7.094321400e-02 -4.035465121e-01 1.018432900e-01 
5.998674631e-01 1.093779281e-01 -1.235469058e-01 
1.041915938e-01 -9.694182128e-02 -2.021732926e-02 

[C4]
-2.924954295e-01 2.250890881e-01 9.365524352e-02 
-3.329536617e-01 2.607863843e-01 -5.750007629e-01 
-4.210366309e-02 2.418218404e-01 -4.830960557e-02 

[C5]
-3.111544847e-01 -1.830555499e-02 -2.588277310e-02 
9.539595246e-02 -3.528720140e-02 1.096830666e-01 
4.898587763e-01 6.184297800e-01 -1.726235002e-01 

[C6]
8.008214831e-01 1.915929317e-01 -5.152410269e-02 
-2.549678385e-01 6.594466567e-01 -2.465518862e-01 
-5.699448586e-01 -2.366471104e-02 -4.833631516e-01 

[C7]
3.091330230e-01 -3.032487631e-01 -9.104859084e-02 
-6.254040450e-02 1.819247156e-01 5.448300242e-01 
-1.684832573e-01 3.728819489e-01 3.295566440e-01 

[C8]
3.895561770e-02 -8.858798444e-02 -6.861634552e-02 
-1.133733243e-01 5.612457544e-02 9.710212797e-02 
-7.698865980e-02 9.974006563e-03 3.907169774e-02 

[C9]
9.681239724e-02 -4.169555902e-01 1.443860531e-01 
-8.431490660e-01 -3.945437670e-01 -3.391568065e-01 
5.013190508e-01 1.056066230e-01 -5.274897814e-01 

[C10]
-2.077110559e-01 1.747171581e-01 2.665515244e-01 
-3.400474787e-01 2.051693797e-01 -2.974880636e-01 
-1.599551886e-01 1.392948925e-01 1.578300297e-01 

[C11]
4.602261260e-02 -2.573093176e-01 6.795347482e-02 
-5.018698573e-01 -2.106376588e-01 4.566224292e-02 
2.077120543e-01 -4.136864841e-02 3.035554886e-01 

[C12]
1.950625479e-01 2.888067961e-01 -2.514778376e-01 
3.387422860e-01 -2.418906242e-01 -4.268731922e-02 
-2.111712396e-01 -3.133120239e-01 -7.994642854e-02 

[C13]
-1.788581163e-01 2.881246991e-02 7.509783506e-01 
5.320579410e-01 7.072526962e-02 -3.476850092e-01 
-2.391047031e-01 -3.941258490e-01 7.182301581e-02 

[C14]
6.260614991e-01 2.107698470e-01 1.137319326e+00 
-2.152699530e-01 2.326882780e-01 -1.360004842e-01 
-1.085406616e-01 1.290481687e-01 -6.170596480e-01 

[C15]
2.130147815e-01 1.196738333e-01 -3.821621239e-01 
-6.628823467e-03 3.564311862e-01 -6.274313666e-03 
2.977337837e-01 3.829033673e-01 -1.788679808e-01 

