CNN Kernel File
kernel_index: 2
n_feature_in: 16
kernel_size: 3 x 3

bias: 8.049649000e-01
[C0]
-3.352505863e-01 2.530256808e-01 7.655356526e-01 
-1.113194823e-01 -2.601085305e-01 -4.988063872e-01 
-9.226284176e-02 2.562294342e-02 2.343786210e-01 

[C1]
1.894536316e-01 2.870974243e-01 3.686609119e-02 
4.583964124e-02 9.642269462e-02 -3.880950511e-01 
-4.233851135e-01 4.030303061e-01 -5.920374990e-01 

[C2]
-3.065918088e-01 1.430312842e-01 -1.719186269e-02 
3.690423667e-01 -3.254474998e-01 -6.855645031e-02 
-2.962159924e-02 2.450755388e-01 9.674286842e-02 

[C3]
1.854333431e-01 -9.211225808e-02 3.832116127e-01 
-2.631160915e-01 4.503942654e-02 -3.295725286e-01 
1.394221485e-01 1.395302638e-02 -1.046530381e-01 

[C4]
1.772931069e-01 2.075435519e-01 -4.121866822e-01 
1.309716105e-01 -1.917790622e-01 1.583890468e-01 
-1.217485964e-01 -2.821402252e-01 2.085652202e-01 

[C5]
-2.038431726e-02 2.665243745e-01 6.600868702e-02 
-3.893817365e-01 2.512370646e-01 -2.948292792e-01 
2.786876559e-01 -2.263723314e-02 4.167712033e-01 

[C6]
1.308176666e-02 -2.637296170e-02 -2.229963243e-01 
4.901441634e-01 2.717421055e-01 1.947891116e-01 
3.312970102e-01 -2.489771992e-01 -7.511318922e-01 

[C7]
-3.188817501e-01 4.106452465e-01 -8.992843330e-02 
-6.860419363e-02 9.788171202e-02 -3.222479224e-01 
9.869806468e-02 -5.235731006e-01 8.455984294e-02 

[C8]
-1.015091240e-01 -1.194161549e-01 -2.557256445e-02 
5.629860237e-02 -7.645341009e-02 -7.699357718e-02 
5.749576259e-03 3.731550276e-02 -7.159588486e-02 

[C9]
4.880121350e-01 -8.791209012e-02 2.626529634e-01 
-1.592977494e-01 -2.382792830e-01 4.030702263e-02 
-3.854535893e-02 -1.441246718e-01 2.719750814e-02 

[C10]
2.649281621e-01 3.025499918e-02 3.649468767e-03 
-8.008686453e-02 -4.288333952e-01 -1.003728509e-01 
-5.928409100e-02 3.546158969e-01 2.386633903e-01 

[C11]
3.160601854e-01 -5.662678555e-02 9.830841422e-02 
1.890056729e-01 2.869088054e-01 4.211066961e-01 
-4.786189497e-01 -5.166832805e-01 1.603737287e-02 

[C12]
3.802952170e-02 -7.928906381e-02 -1.807519495e-01 
1.463454962e-01 -3.178407848e-01 2.714546323e-01 
-1.967038214e-01 1.873114333e-02 7.222994417e-02 

[C13]
-1.357558817e-01 -1.673471369e-02 -2.974161804e-01 
-1.091079563e-01 4.214607775e-01 -2.340033203e-01 
2.058541328e-01 -3.140487671e-01 -1.802715957e-01 

[C14]
2.447570264e-01 -1.216634661e-01 8.401910216e-02 
1.946974695e-01 1.200066507e-02 1.775104403e-01 
-3.550034761e-02 1.406512409e-01 -1.202322021e-01 

[C15]
-1.088939980e-01 3.418175876e-02 8.594119549e-02 
1.111247241e-01 -1.420007795e-01 -8.794509619e-02 
2.319730520e-01 -1.109920591e-01 2.482122332e-01 

