CNN Kernel File
kernel_index: 5
n_feature_in: 3
kernel_size: 3 x 3

bias: 6.082911491e-01
[C0]
-7.869378328e-01 1.010260433e-01 5.493074656e-01 
-8.388333321e-01 -7.018541545e-02 -6.560505927e-02 
-8.022653461e-01 1.544802934e-01 -9.932883829e-02 

[C1]
-1.048938870e+00 -2.421878278e-02 5.978128910e-01 
-7.594581246e-01 -3.710756823e-02 1.107192412e-01 
-5.079436898e-01 2.223245054e-01 9.708096832e-02 

[C2]
-6.831853986e-01 2.783372402e-01 2.588844299e-01 
-3.077130578e-02 3.667317331e-01 6.350240707e-01 
5.277675763e-02 3.514475822e-01 6.623041034e-01 

