CNN Kernel File
kernel_index: 2
n_feature_in: 3
kernel_size: 3 x 3

bias: 3.547320962e-01
[C0]
3.759888187e-02 6.130847335e-01 5.531015992e-01 
-1.473123282e-01 2.333987206e-01 1.050746907e-02 
-6.953790039e-02 3.816160560e-01 1.681357473e-01 

[C1]
-3.170233369e-01 4.849099219e-01 1.307350397e-01 
-6.117502451e-01 -2.116758078e-01 -5.264555812e-01 
-5.306855440e-01 -1.079820693e-01 -4.732063711e-01 

[C2]
3.102175891e-01 7.056232095e-01 1.091726869e-01 
-4.678239822e-01 1.974718273e-01 -6.541872621e-01 
-9.874962270e-02 2.245327644e-02 -1.274009943e-01 

