CNN Kernel File
kernel_index: 25
n_feature_in: 16
kernel_size: 3 x 3

bias: 1.012643650e-01
[C0]
-1.642307043e-01 5.450999737e-01 -3.035027906e-02 
3.000988960e-01 -9.365320206e-03 -8.213765025e-01 
-1.096286252e-01 4.466297030e-01 -1.021239758e+00 

[C1]
-4.797283933e-02 2.969607711e-01 2.056312412e-01 
4.162942991e-02 -1.652198099e-02 2.260167599e-01 
4.600653425e-02 -1.463568956e-01 -6.839417666e-02 

[C2]
2.819676101e-01 1.522341929e-02 1.602230221e-01 
2.794112861e-01 -1.216556206e-01 5.274059176e-01 
-5.097370967e-02 9.070414305e-02 3.448385894e-01 

[C3]
-3.076132536e-01 -8.447700739e-02 6.229594350e-02 
-9.273064137e-02 4.052194580e-02 -4.662524164e-02 
-1.619432271e-01 -2.013950199e-01 -5.690460093e-04 

[C4]
-1.447361261e-01 2.899711728e-01 -1.989473552e-01 
1.887746751e-01 -2.744455338e-01 -1.823476702e-01 
6.363054365e-02 2.323768884e-01 1.261820942e-01 

[C5]
4.893354326e-02 4.594899118e-01 -4.118759632e-01 
-8.029855043e-02 1.447045654e-01 -1.624570936e-01 
2.294895053e-01 3.874996901e-01 -4.973212481e-01 

[C6]
-2.458708882e-01 -1.835551411e-01 6.925940514e-02 
1.651339531e-01 1.733468920e-01 -3.602915108e-01 
9.895903468e-01 3.299282193e-01 -3.751010299e-01 

[C7]
-1.489499658e-01 -1.739487201e-01 -4.475098848e-02 
-3.296632171e-01 9.644460678e-02 -2.579998374e-01 
1.763157547e-01 1.310015917e-01 -7.415369153e-02 

[C8]
-4.839524999e-02 4.401912913e-02 3.492999449e-02 
1.062486246e-01 -5.571420770e-03 -6.925652176e-02 
-4.464824125e-02 -2.990915440e-02 2.057866752e-02 

[C9]
8.930235356e-02 4.318757355e-01 2.724930346e-01 
1.778222173e-01 8.944256231e-03 1.399902999e-01 
-5.416056514e-01 4.582664967e-01 -2.264421992e-02 

[C10]
2.835413516e-01 -3.254615068e-01 1.019925997e-01 
3.055100739e-01 -1.604178399e-01 1.518840939e-01 
1.101054922e-01 -6.701343507e-02 -1.458873972e-02 

[C11]
-9.768578410e-02 1.096013486e-01 -3.000089824e-01 
-1.425678730e-01 9.108490497e-02 -1.823209822e-01 
2.517607063e-02 1.537417620e-01 3.957748041e-02 

[C12]
-2.003352493e-01 -7.747919112e-02 1.441005319e-01 
-2.087833881e-01 3.351089060e-01 1.373415291e-01 
-1.830690950e-01 -8.715701103e-02 5.734841824e-01 

[C13]
-8.753202856e-02 1.643431038e-01 -4.444577396e-01 
-1.720748693e-01 -3.072913289e-01 2.561845072e-02 
-9.249986708e-02 4.784101546e-01 6.454871297e-01 

[C14]
-4.850713015e-01 -4.607717693e-01 -1.262488365e-01 
2.685447633e-01 -3.264412284e-01 1.718483493e-02 
1.928924471e-01 -2.222896516e-01 1.805743128e-01 

[C15]
6.271196157e-02 5.934156179e-01 2.696462870e-01 
4.927626848e-01 -3.793571591e-01 7.234430313e-02 
-1.322716922e-01 -1.888998151e-01 -7.042744011e-02 

