CNN Kernel File
kernel_index: 4
n_feature_in: 16
kernel_size: 3 x 3

bias: -2.226377130e-01
[C0]
3.747061491e-01 -5.212602019e-01 3.733347058e-01 
-2.662175596e-01 2.233210355e-01 3.245601952e-01 
-1.074660897e+00 2.483920753e-01 4.403684437e-01 

[C1]
2.411707491e-02 -4.674676061e-02 1.190330554e-02 
-1.502904147e-01 8.574844152e-02 1.457551420e-01 
3.763726726e-02 3.125181049e-02 -5.071043372e-01 

[C2]
-2.353601903e-01 2.563675642e-01 7.150570154e-01 
-3.879148662e-01 9.461957961e-02 3.635682464e-01 
-3.611583710e-01 4.764470831e-02 -2.278262228e-01 

[C3]
9.978488833e-02 4.066961706e-01 -3.255972862e-01 
-1.910433769e-01 7.894160599e-02 1.899959147e-02 
-2.402717024e-01 -8.898789436e-02 3.403979838e-01 

[C4]
4.125560224e-01 1.216933224e-02 -1.485822052e-01 
-2.986647487e-01 1.554541737e-01 -4.183088429e-03 
1.499526352e-01 -2.618124187e-01 5.906940997e-02 

[C5]
1.303298473e-01 -1.006530151e-01 5.433518291e-01 
5.173334479e-02 -2.735543847e-01 4.233844280e-01 
-3.244470060e-01 1.219211370e-01 -4.012607634e-01 

[C6]
3.345558941e-01 -3.631597459e-01 3.138291538e-01 
-4.738891497e-02 -1.159721240e-01 -6.801102310e-03 
-5.386542529e-02 1.938105822e-01 -2.592309117e-01 

[C7]
4.153608978e-01 -2.102074474e-01 3.910455108e-01 
3.901251853e-01 -5.727316737e-01 -3.356554508e-01 
-2.039503753e-01 -2.537903488e-01 1.633771807e-01 

[C8]
-1.147252135e-02 -1.208313461e-02 -3.429231048e-02 
7.130957395e-02 -9.944975376e-03 -6.950435787e-02 
5.304798484e-02 -1.003553346e-01 -7.951486111e-02 

[C9]
4.391519725e-01 -5.412275195e-01 -1.488667578e-01 
6.365267634e-01 1.421070471e-02 2.772707939e-01 
7.529717684e-02 -5.244427547e-02 -4.744278491e-01 

[C10]
8.710643649e-02 -4.990996718e-01 4.090781137e-02 
-3.028645217e-01 2.903074026e-01 1.116106063e-01 
3.159915209e-01 -2.184234411e-01 2.785311937e-01 

[C11]
3.584596515e-01 -7.932043076e-02 2.006467730e-01 
-1.782537699e-01 -4.910006523e-01 -6.362147629e-02 
2.642120048e-02 4.951313138e-03 -2.455665767e-01 

[C12]
9.662877023e-02 9.633713961e-02 2.420682907e-01 
2.137142420e-01 3.729672432e-01 -1.434351951e-01 
1.147495061e-01 2.472821027e-01 -3.593038321e-01 

[C13]
3.241922855e-01 -5.376366973e-01 3.013891280e-01 
-3.763707876e-01 1.523908824e-01 -1.431959867e-01 
-1.544240713e-01 8.561847359e-02 -4.910484701e-02 

[C14]
1.344329864e-01 9.103043377e-02 -2.024508454e-02 
3.708116412e-01 1.600610316e-01 -2.689666748e-01 
-7.747885585e-02 2.317042798e-01 -4.120851755e-01 

[C15]
-5.896644667e-02 7.222374529e-02 -4.467624240e-03 
3.544554114e-02 5.892186761e-01 2.061015964e-01 
-2.644997537e-01 -2.000567317e-01 -4.424024746e-02 

