CNN Kernel File
kernel_index: 13
n_feature_in: 16
kernel_size: 3 x 3

bias: 5.381012335e-02
[C0]
8.852391690e-02 5.607050061e-01 -3.190237656e-02 
-8.734413385e-01 -6.627862900e-02 -5.741635561e-01 
-1.341448128e-01 2.098970264e-01 -2.741009593e-01 

[C1]
-1.376745105e-01 1.841072142e-01 2.366495430e-01 
-2.811366618e-01 1.259081960e-01 -6.233813241e-02 
-5.247592330e-01 3.479541242e-01 -2.210920602e-01 

[C2]
-6.964903474e-01 -6.771642715e-02 -6.183440611e-02 
-1.877390146e-01 1.668092795e-02 1.609748304e-01 
3.312360644e-01 3.538113832e-01 2.600530684e-01 

[C3]
2.690950036e-01 7.318057120e-02 -9.546789527e-02 
2.056101263e-01 3.679465652e-01 -2.532853186e-01 
2.789439075e-02 -9.987165034e-02 3.188153207e-01 

[C4]
1.963069886e-01 8.482340723e-02 -1.055797487e-01 
-1.562793404e-01 -1.537327468e-01 -8.984273672e-02 
-1.455936581e-01 -2.995078564e-01 -7.924442738e-02 

[C5]
-1.194397807e-01 -1.339922100e-02 2.519208491e-01 
-9.650003165e-02 -7.474192232e-02 1.338267624e-01 
3.541714847e-01 -2.072646469e-01 3.550401032e-01 

[C6]
1.851287186e-01 -2.099060118e-01 6.653313637e-01 
-2.671623826e-01 -3.590201437e-01 -2.439520657e-01 
3.645626009e-01 3.291954100e-01 -3.080572486e-01 

[C7]
-3.089834452e-01 -2.649684809e-02 -9.803080559e-02 
-1.845381111e-01 -4.408586025e-02 4.644301236e-01 
-2.673928440e-01 1.652088463e-01 2.270826250e-01 

[C8]
5.799343064e-02 5.128628016e-02 1.584980823e-02 
-7.647558302e-02 2.967837267e-02 2.737354487e-02 
-2.642926760e-02 7.182554342e-03 7.556688040e-02 

[C9]
-4.305106401e-01 4.267081320e-01 2.962607443e-01 
-5.620351434e-01 2.070192695e-01 1.772175878e-01 
4.270978570e-01 2.225817442e-01 3.805063069e-01 

[C10]
9.715528786e-02 -3.453578651e-01 -8.539719880e-02 
-1.256428808e-01 -1.691104025e-01 3.600785732e-01 
-1.754109859e-01 -4.654173255e-01 -9.965686500e-02 

[C11]
-2.178659476e-02 -2.792014480e-01 -2.074001580e-01 
-4.392510355e-01 4.595857263e-01 -4.053680003e-01 
-4.084396958e-01 -1.928988248e-01 -3.868156672e-02 

[C12]
1.959459782e-01 2.900798060e-02 7.480073255e-03 
-3.131205738e-01 -9.647639096e-02 1.237318292e-02 
3.318559527e-01 -2.040910423e-01 2.698493656e-03 

[C13]
3.639297485e-01 9.357800335e-02 -5.017025471e-01 
1.381051689e-01 -4.723131061e-01 -3.232572675e-01 
-5.007288456e-01 8.759784512e-03 2.990622818e-01 

[C14]
1.565928310e-01 -1.614008695e-01 -4.542776644e-01 
-1.095000748e-02 2.349255234e-01 5.202317983e-02 
2.843767591e-02 -1.221073568e-01 1.134706661e-01 

[C15]
3.929112852e-01 6.901878119e-02 -1.532117426e-01 
-1.180156246e-01 -1.359722614e-01 4.775008559e-02 
1.568813920e-01 -3.269693581e-03 1.712765545e-01 

