CNN Kernel File
kernel_index: 15
n_feature_in: 8
kernel_size: 3 x 3

bias: -1.267443970e-02
[C0]
1.539169401e-01 -5.985899270e-02 5.333976448e-02 
-2.504986227e-01 9.036632627e-02 3.759798706e-01 
-1.664912254e-01 -1.457910836e-01 2.454735339e-02 

[C1]
2.495506108e-01 1.245558038e-01 3.167004883e-01 
-3.501156867e-01 9.120645374e-02 5.145761967e-01 
-3.703296781e-01 -4.337246120e-01 -1.101745516e-01 

[C2]
3.684306741e-01 -5.384116769e-01 -3.706545830e-01 
5.108423829e-01 -2.002440840e-01 -4.778596461e-01 
-3.560996056e-01 -3.104957938e-01 -1.876748502e-01 

[C3]
7.252520919e-01 -1.016875580e-01 6.416419894e-02 
-1.026488096e-01 3.505258635e-02 4.808818698e-01 
1.312678009e-01 2.753749490e-02 2.603687644e-01 

[C4]
7.056911010e-03 -2.065105289e-01 -1.947245374e-02 
1.146890596e-01 -2.024798840e-01 1.392175704e-01 
-2.415136993e-01 -1.858286560e-01 -2.347941101e-01 

[C5]
-5.561834667e-03 2.417306304e-01 1.007852793e+00 
-1.600458622e-01 7.657613754e-01 -3.787833750e-01 
2.119180858e-01 -2.547516227e-01 -1.395280361e-01 

[C6]
-2.343776077e-01 -1.045316234e-01 2.309988290e-01 
-3.516021073e-01 -2.520520091e-01 7.188614458e-02 
2.024045028e-02 -1.121321991e-01 -1.703913808e-01 

[C7]
9.740535021e-01 7.397295535e-02 5.139080882e-01 
6.588599682e-01 -4.624193907e-01 -1.742731780e-01 
1.266035318e+00 1.529721737e+00 4.387584329e-01 

