CNN Kernel File
kernel_index: 5
n_feature_in: 16
kernel_size: 3 x 3

bias: 5.611867830e-02
[C0]
-8.070672303e-02 -6.195353344e-02 -2.762008458e-03 
-4.983187094e-02 2.516371571e-02 2.437104704e-03 
-4.831725731e-02 7.299183309e-02 -1.955975778e-02 

[C1]
1.871233806e-02 -3.177475184e-02 -7.488062233e-02 
-3.604359180e-02 -3.441767395e-02 -6.609015167e-02 
4.120371118e-02 -2.915567718e-02 -5.913835019e-02 

[C2]
-7.878493518e-03 4.310136661e-02 2.770872042e-02 
-1.179802269e-01 5.799958599e-04 -8.144065738e-02 
2.313673683e-02 -4.367902130e-02 5.264954641e-02 

[C3]
2.092616446e-02 -9.861288220e-02 -3.512208909e-02 
2.734740637e-02 -7.334692031e-02 -8.744545281e-02 
2.725720778e-02 3.849463165e-02 3.502472118e-02 

[C4]
-5.532384291e-02 1.369670127e-02 1.095842570e-02 
-3.179621324e-02 9.491150267e-03 -2.667465014e-03 
-8.422425389e-02 -1.334721595e-01 -4.320931435e-02 

[C5]
-4.100222886e-02 -7.792707533e-02 -4.104991630e-02 
1.809053123e-02 -9.680016339e-02 -9.255838394e-02 
-6.132646278e-02 -1.105917692e-01 -5.660203844e-02 

[C6]
-3.714519320e-03 -8.016647398e-02 1.189175062e-02 
-9.713243693e-02 -1.038593277e-01 -1.781046763e-02 
4.321740195e-02 4.389972612e-02 -1.593667781e-03 

[C7]
-9.865544736e-02 -3.953571618e-02 -5.413595214e-02 
-9.389094077e-03 -3.145912290e-02 4.486508295e-02 
-4.067223147e-02 -9.039884061e-02 2.088176273e-02 

[C8]
4.783517867e-02 7.699299604e-02 4.762046039e-03 
1.480050385e-03 2.741026133e-02 7.649976760e-02 
-4.822770879e-02 7.405843586e-02 -5.585294217e-02 

[C9]
-1.999117248e-02 -2.937003970e-02 3.660627082e-02 
-5.511676148e-02 3.828849271e-02 -2.289184742e-02 
-6.977630407e-02 -1.164400876e-01 -9.312071651e-02 

[C10]
-1.013317108e-01 4.201524705e-02 -7.761209458e-02 
-1.032557636e-01 2.871775068e-02 -5.838939920e-03 
2.951615117e-02 3.734337911e-02 2.880316228e-02 

[C11]
3.426165134e-02 -1.189978793e-02 -4.169432074e-02 
-9.174123406e-02 -8.568239212e-02 -3.706227243e-02 
-6.795097888e-02 -1.467750175e-03 6.416090578e-02 

[C12]
-7.342020981e-03 -9.338685870e-02 -6.985983253e-02 
1.458075922e-02 4.362117127e-02 2.607234195e-02 
1.173219550e-02 -5.195898563e-02 -3.284507990e-02 

[C13]
-9.375264496e-02 -1.445898227e-02 -5.549082905e-02 
-6.736063957e-02 -1.051892191e-01 3.738424927e-02 
5.726721510e-02 3.379906714e-02 -6.886101514e-02 

[C14]
-6.236883253e-02 -4.864062369e-02 -7.540253550e-02 
2.851829492e-02 -6.277284771e-02 -1.602439559e-03 
-6.355345715e-03 -6.297436357e-02 3.413987905e-02 

[C15]
-7.831773162e-02 -1.844585687e-02 -2.319448069e-02 
4.146336578e-03 -6.515610218e-02 -8.925847709e-02 
-4.540590942e-02 -2.943300083e-02 -6.611673534e-02 

