CNN Kernel File
kernel_index: 2
n_feature_in: 8
kernel_size: 3 x 3

bias: -2.052494586e-01
[C0]
-5.781432986e-01 -1.770807505e-01 -1.692887992e-01 
7.417186350e-02 -8.476090431e-02 2.165003493e-02 
2.465661168e-01 2.016984969e-01 4.583719969e-01 

[C1]
-6.227900982e-01 -4.508143067e-01 -4.927379489e-01 
-2.646757849e-02 2.633998096e-01 -3.089400828e-01 
2.141254246e-01 2.550814748e-01 3.171305656e-01 

[C2]
3.713789284e-01 6.973962188e-01 -2.426997870e-01 
-9.223686457e-01 4.688643813e-01 -1.072632790e+00 
1.613617092e-01 1.833588928e-01 -1.875766665e-01 

[C3]
-5.445149541e-01 6.804059446e-02 -1.185163409e-01 
7.127018273e-02 3.064134717e-01 2.592226863e-01 
3.808554709e-01 3.683781028e-01 4.927187562e-01 

[C4]
-1.322931498e-01 -3.619216383e-01 -4.719725251e-01 
6.359395385e-02 1.922373027e-01 -2.236024886e-01 
2.012393065e-02 4.781441987e-01 2.780128121e-01 

[C5]
4.836533666e-01 4.436048567e-01 -7.163041085e-02 
3.389495909e-01 -2.822422981e-01 1.784453243e-01 
-1.513543725e-02 5.443682671e-01 3.756646216e-01 

[C6]
-1.601964682e-01 2.650511265e-01 -6.866779923e-01 
3.366056681e-01 9.999910742e-02 -7.119785994e-02 
1.607267261e-01 4.140496552e-01 2.536421418e-01 

[C7]
6.065838337e-01 8.876797557e-01 3.891817629e-01 
-2.278802097e-01 -2.535938323e-01 -7.288553715e-01 
1.414882839e-01 4.161184728e-01 3.877958953e-01 

