CNN Kernel File
kernel_index: 14
n_feature_in: 8
kernel_size: 3 x 3

bias: 3.256179690e-01
[C0]
3.315935135e-01 8.534306660e-03 1.614444405e-01 
9.514608420e-03 -6.687898189e-02 -2.131237881e-03 
4.144480824e-01 2.364185750e-01 2.682719529e-01 

[C1]
-4.572119713e-01 -4.521414638e-01 -4.545037448e-02 
-7.489914894e-01 -4.672029614e-01 -3.422999382e-01 
2.804196179e-01 3.930206895e-01 2.387045622e-01 

[C2]
3.107844889e-01 -6.881936640e-02 -2.815431654e-01 
5.170258284e-01 2.895526886e-01 3.992594033e-02 
-1.152519286e-01 -2.137670368e-01 -6.004748940e-01 

[C3]
3.190245479e-02 -5.045471191e-01 -1.647275686e-02 
-5.773968250e-02 -2.037485391e-01 -3.305168748e-01 
6.156944633e-01 2.306950688e-01 2.708108127e-01 

[C4]
1.012220513e-03 -3.169819117e-01 -1.328665912e-01 
-4.685892910e-02 -8.565688878e-02 1.556967348e-01 
6.507175509e-03 2.223724872e-02 -1.942350343e-02 

[C5]
-2.731206417e-01 1.338906288e-01 1.543787587e-02 
6.332002878e-01 9.087166786e-01 -4.709594697e-02 
5.474814177e-01 2.588020265e-01 -5.915118754e-02 

[C6]
2.607765608e-02 -5.993500352e-01 -7.415331155e-02 
-2.141376585e-02 -1.514244080e-01 -2.842179239e-01 
2.639678419e-01 -1.091080904e-01 -2.135109901e-01 

[C7]
1.021657705e+00 2.622984052e-01 2.628262341e-01 
2.889229059e-01 -1.553348899e-01 -6.229690313e-01 
8.030965328e-01 8.397480249e-01 1.861790568e-01 

