CNN Kernel File
kernel_index: 4
n_feature_in: 3
kernel_size: 3 x 3

bias: -9.601609409e-02
[C0]
2.672246099e-01 -1.230189875e-01 2.565448582e-01 
1.670131385e-01 1.425222158e-01 4.240654409e-01 
1.718419492e-01 1.518089920e-01 3.250028491e-01 

[C1]
-3.733761311e-01 -4.961074293e-01 -2.027574331e-01 
-2.014514357e-01 -3.070700467e-01 8.955612779e-02 
-1.483405828e-01 -2.831898034e-01 -1.085730642e-01 

[C2]
2.924121916e-01 4.622702301e-01 4.989508688e-01 
5.498158932e-02 1.795588285e-01 1.041116342e-01 
-1.659158058e-02 6.752664340e-04 3.507130444e-01 

