CNN Kernel File
kernel_index: 28
n_feature_in: 16
kernel_size: 3 x 3

bias: -5.049594641e-01
[C0]
-1.466419846e-01 -2.105513811e-01 -7.971524000e-01 
-3.410215303e-02 -3.036720864e-02 2.791753411e-01 
6.257303953e-01 5.642361045e-01 -1.274077222e-02 

[C1]
2.071910203e-01 4.444498718e-01 1.364582181e-01 
4.181526899e-01 -9.979730844e-02 -2.682330608e-01 
1.007675678e-01 1.733108610e-01 -5.598492026e-01 

[C2]
6.507248431e-02 3.479464352e-01 2.752356231e-01 
2.234094739e-01 -2.057772577e-01 -2.395808995e-01 
1.843099445e-01 -1.589378268e-01 3.729710877e-01 

[C3]
2.350232564e-03 1.782507002e-01 -1.959275752e-01 
-5.993715525e-01 1.056583300e-01 -4.404037893e-01 
-7.710832357e-02 1.457639486e-01 -5.321134627e-02 

[C4]
3.297506571e-01 -3.063192405e-02 -5.209296346e-01 
2.829464376e-01 9.925329685e-02 7.527401298e-02 
1.770610549e-02 3.793838024e-01 -4.069782421e-02 

[C5]
-2.466191053e-01 -1.136334315e-01 1.516171098e-01 
2.900187373e-01 -2.090516537e-01 -9.254972637e-02 
-3.129017353e-01 -1.557002813e-01 3.487674296e-01 

[C6]
2.206907868e-01 -7.290320992e-01 4.156893492e-02 
6.795266271e-02 8.465361595e-02 3.839720786e-01 
5.014039278e-01 3.250652552e-02 -2.853377163e-01 

[C7]
-5.853414163e-02 -4.619559944e-01 -1.573651470e-02 
-2.358699292e-01 -5.669529438e-01 4.294671714e-01 
-2.995832860e-01 -3.017570376e-01 9.927445650e-02 

[C8]
-1.863661036e-02 4.810882732e-03 -4.989284649e-02 
-6.909273565e-02 -1.011936646e-02 -3.541636094e-02 
7.627483457e-02 1.677581482e-02 8.677989990e-02 

[C9]
1.274010390e-01 -8.828469366e-02 1.750971824e-01 
4.801274538e-01 -1.851531714e-01 7.569347024e-01 
2.109259665e-01 -5.477117896e-01 -8.204011619e-02 

[C10]
-6.538134068e-02 5.524632931e-01 9.081743658e-02 
-8.721105754e-02 -4.348589852e-02 -2.922007255e-02 
-1.425081491e-01 3.563751578e-01 1.892207116e-01 

[C11]
-7.118029892e-02 -9.190656245e-02 -4.196701050e-01 
6.835258603e-01 1.568062976e-02 -4.836272597e-01 
-2.675523758e-01 2.105794549e-01 -6.174361333e-02 

[C12]
-8.861749619e-02 -1.239815652e-01 4.958529770e-01 
1.364021897e-01 2.169754505e-01 -2.413434349e-02 
3.182078004e-01 -2.687397003e-01 -4.835286736e-01 

[C13]
-1.134111509e-01 -2.980349362e-01 -6.229609996e-02 
6.668114662e-02 2.023909688e-01 -4.116523564e-01 
8.775409311e-02 3.068213165e-01 3.700579330e-02 

[C14]
-3.771247864e-01 -7.169712186e-01 -7.985165715e-02 
1.788884699e-01 -8.004183322e-02 -3.479674757e-01 
6.316352487e-01 -3.628591597e-01 -1.827490330e-01 

[C15]
6.168602780e-02 6.370170414e-02 -1.783432961e-01 
-1.266698167e-02 -3.362021446e-01 4.300529957e-01 
1.932224929e-01 -1.882367730e-01 2.850356102e-01 

