CNN Kernel File
kernel_index: 1
n_feature_in: 8
kernel_size: 3 x 3

bias: 2.847690284e-01
[C0]
1.698723584e-01 6.060729548e-02 3.149390519e-01 
1.032729521e-01 1.298697740e-01 4.309439063e-01 
-1.136259586e-01 1.383740306e-01 2.130240649e-01 

[C1]
5.086808205e-01 1.010652408e-01 -9.037429845e-05 
4.505752400e-02 4.289744049e-02 1.498424411e-01 
-6.590179801e-01 -3.144018054e-01 3.297065496e-01 

[C2]
1.492010504e-01 8.988199830e-01 1.871383637e-01 
-5.313518047e-01 -6.346961856e-02 -7.923996449e-01 
5.821713209e-01 -6.981920451e-02 -3.117977381e-01 

[C3]
-2.930635512e-01 -5.446232483e-02 -2.846459150e-01 
-7.755035162e-02 -7.704272866e-02 -8.645553142e-02 
7.465765812e-03 -6.860086322e-02 -3.863998130e-02 

[C4]
1.770393997e-01 -1.957217306e-01 3.289086521e-01 
3.863605484e-02 -2.996831387e-02 2.767232955e-01 
-4.170526266e-01 -1.979789883e-01 7.544188946e-02 

[C5]
1.129817367e-01 3.811076880e-01 -4.984430075e-01 
-1.462463886e-01 1.132735983e-01 3.063018434e-02 
-8.321041241e-03 1.189281791e-01 -5.182595253e-01 

[C6]
-1.878086030e-01 -6.801347435e-02 1.394148320e-01 
-4.713135585e-02 1.692612320e-01 2.388096303e-01 
-6.380987167e-01 -1.800157726e-01 1.126934066e-01 

[C7]
-7.574402541e-02 -4.094217718e-01 -1.668736815e+00 
-1.465322852e+00 -8.473355770e-01 -8.162873983e-01 
9.989755154e-01 6.904128194e-02 5.526157618e-01 

