CNN Kernel File
kernel_index: 16
n_feature_in: 16
kernel_size: 3 x 3

bias: -9.135519713e-02
[C0]
4.092961922e-02 -3.506972268e-02 1.706236601e-02 
-8.610060066e-02 -2.159749158e-02 1.763741113e-02 
-6.040711328e-02 -8.170951903e-02 -6.269941479e-02 

[C1]
-5.754657090e-02 -6.103190780e-02 -8.099426329e-02 
-5.902862549e-02 -4.070973024e-02 -8.077480644e-02 
3.342908248e-02 -9.243233502e-02 -5.664579943e-02 

[C2]
3.937531635e-02 2.624038607e-02 5.217188969e-02 
-8.432184905e-02 -1.363100135e-03 -1.561053377e-02 
1.945489645e-02 -6.412278861e-02 -8.122679777e-03 

[C3]
3.567332029e-02 1.171982568e-02 -7.812292129e-02 
-6.104565039e-02 2.136088915e-05 -7.442704588e-02 
-3.597087786e-02 2.678465471e-02 -8.910395950e-02 

[C4]
-1.135374326e-02 -1.608034596e-02 -2.326214314e-02 
-8.440378006e-04 1.803160063e-03 -8.675010502e-02 
3.542611748e-02 3.266216442e-02 -6.677336991e-02 

[C5]
-9.958046675e-02 -1.805313304e-02 3.266537189e-02 
-2.575771417e-03 -4.223021120e-02 -9.614633769e-02 
4.268437624e-02 3.662928939e-02 3.595544025e-02 

[C6]
-6.020429358e-02 -8.147534728e-02 6.009384058e-03 
-6.627277005e-03 -1.371911727e-02 3.392279148e-02 
-7.247414440e-02 2.135022730e-02 4.205385596e-02 

[C7]
3.545784578e-02 2.339832298e-02 1.090696547e-02 
2.594869584e-02 2.640317008e-02 -3.226396814e-02 
2.732291631e-02 -1.041011140e-02 -7.403370738e-02 

[C8]
-6.174270436e-02 2.890258282e-02 5.243681371e-03 
5.948009342e-02 6.354901940e-02 -4.391693324e-02 
1.010104269e-02 3.417406231e-02 -5.707376450e-02 

[C9]
-5.650551617e-02 4.998076335e-02 -8.247371018e-02 
-6.033041701e-02 -8.447769284e-02 2.007817291e-02 
-4.709922150e-02 1.078190748e-02 -7.431261986e-02 

[C10]
-3.542137891e-02 -7.705169171e-02 -1.679642685e-02 
-8.422101289e-02 -4.506750556e-04 3.278601170e-02 
-8.918266743e-02 -5.029431358e-02 5.947858095e-02 

[C11]
1.856968738e-02 8.410533890e-03 2.564348048e-03 
-5.875680596e-02 2.689903043e-02 1.420903392e-02 
-4.476617556e-03 -2.518907748e-02 5.847240984e-02 

[C12]
5.243809521e-02 -8.202607930e-02 -6.928396225e-02 
-4.446139559e-03 1.969979145e-02 5.960582942e-02 
6.558582187e-02 6.214515865e-02 -6.927865744e-02 

[C13]
-1.834798791e-02 -9.517631680e-02 1.341917925e-02 
-7.138146460e-02 -6.165820733e-02 -6.527999043e-02 
-8.094517887e-02 -8.268497884e-02 3.777801991e-02 

[C14]
-3.972039372e-02 -2.370299213e-02 -5.371009931e-03 
7.754834369e-03 -5.624093860e-02 -1.715258695e-02 
-1.743926667e-02 -1.954754815e-02 -7.890011370e-02 

[C15]
-3.708006442e-02 1.103285351e-03 6.023711525e-03 
-1.261105947e-02 -6.831128150e-02 -9.719089419e-02 
1.730660163e-02 -2.721473016e-02 2.334320918e-02 

