CNN Kernel File
kernel_index: 24
n_feature_in: 16
kernel_size: 3 x 3

bias: -7.856030017e-02
[C0]
8.465770632e-03 -1.476724632e-02 -6.467303634e-02 
3.436471522e-02 6.120059639e-02 6.606833637e-02 
2.492347360e-02 -5.109333619e-02 2.709459281e-03 

[C1]
-1.233506296e-02 -6.454829872e-02 4.488537088e-04 
7.227485627e-02 -4.426568747e-02 6.444769353e-02 
-2.411124669e-02 2.719779126e-02 9.641427547e-03 

[C2]
9.010133334e-03 -6.271417718e-03 -4.323953390e-02 
1.607881486e-02 -9.631520137e-03 -8.977646381e-02 
-8.285430819e-02 5.853943154e-02 -6.175501272e-02 

[C3]
-3.580716625e-02 -8.522358537e-02 1.466368791e-02 
2.642070688e-02 2.014123648e-02 -3.602695838e-02 
-8.072363585e-02 -4.284330457e-02 1.263758261e-02 

[C4]
2.320949733e-02 -4.064397141e-02 4.538754746e-02 
-1.366012450e-02 -9.616599977e-02 -6.008921936e-02 
-4.400757328e-02 3.064957447e-02 6.892248522e-03 

[C5]
-2.679553814e-02 4.723516107e-02 -1.614606590e-03 
-3.349904343e-02 8.446752094e-03 -3.020545468e-02 
4.659667239e-02 -8.526377380e-02 -7.407307625e-02 

[C6]
-7.361941040e-02 2.490848419e-04 -5.709728971e-02 
1.960672252e-02 1.362500712e-02 -5.921701342e-02 
6.728309393e-02 -4.666605592e-02 -8.738576621e-02 

[C7]
1.250186656e-02 3.179541975e-02 -2.570267580e-02 
-6.194579601e-02 3.743552789e-02 -6.869893055e-03 
6.533703953e-02 -7.132788748e-02 2.970093396e-03 

[C8]
-6.013848633e-02 -5.809140205e-02 3.795286268e-02 
-3.297393769e-02 -2.634444833e-02 7.956082374e-02 
-3.472602367e-02 -1.480944455e-03 -5.689124390e-02 

[C9]
-2.655912377e-02 -7.759559434e-03 3.791086003e-02 
-3.874841705e-02 -8.830098808e-02 -3.322135890e-03 
7.677573711e-03 -8.273940533e-03 2.399825491e-02 

[C10]
-4.110849649e-02 -4.931385070e-02 7.900316268e-03 
-6.069271825e-03 3.914574161e-02 -2.178028412e-02 
1.308435388e-02 2.502268879e-03 -1.026212820e-03 

[C11]
-2.343454026e-02 -3.214321658e-02 -3.123691678e-02 
7.534721401e-03 -8.524401486e-02 -6.569948047e-02 
5.515511334e-02 -7.915239036e-02 4.813195392e-02 

[C12]
1.435887441e-02 -4.107135534e-02 1.194238104e-02 
4.688430205e-02 -6.656431407e-02 -1.041352516e-03 
-8.549854159e-03 -7.798643410e-02 -5.628473684e-02 

[C13]
-9.058832377e-02 -5.179065838e-02 7.235059142e-02 
-7.464585453e-02 5.862236395e-02 7.260688581e-03 
-7.744570076e-02 7.044171542e-02 3.489018604e-02 

[C14]
6.952767819e-02 -2.254911140e-02 -6.986469030e-02 
-6.247784477e-03 7.834952325e-03 -7.641953975e-02 
6.061357632e-02 -6.434588134e-02 5.413920805e-02 

[C15]
-1.597771794e-02 -8.278338239e-03 -3.804783151e-02 
-2.201556787e-02 -8.552331477e-02 4.066711664e-02 
-1.670277677e-02 -7.558803260e-02 5.474922061e-02 

