CNN Kernel File
kernel_index: 7
n_feature_in: 8
kernel_size: 3 x 3

bias: 1.002796590e-01
[C0]
-1.237507463e-01 1.374410987e-01 2.108526379e-01 
-6.743069738e-02 -7.162006944e-02 -1.491077393e-01 
3.562573195e-01 8.171234280e-02 -1.930864602e-01 

[C1]
-7.083549500e-01 -2.036197335e-01 -3.895117342e-02 
-1.214872524e-01 -2.723541558e-01 4.835371301e-02 
1.446471959e-01 -8.226829767e-02 -8.135558963e-01 

[C2]
1.211323738e-01 2.759987488e-02 5.984230042e-01 
2.820113674e-02 4.936208203e-02 4.400219619e-01 
1.552495658e-01 -2.665744424e-01 1.399496645e-01 

[C3]
-4.655840099e-01 3.645355999e-01 4.421272278e-01 
-2.311401963e-01 -4.753011167e-01 1.277084202e-01 
1.608934850e-01 -2.963034622e-02 -2.302598506e-01 

[C4]
2.485228330e-01 6.490101665e-02 3.207644522e-01 
5.723342299e-02 1.943171918e-01 -1.906971633e-01 
4.127004445e-01 7.502037566e-03 8.674073219e-02 

[C5]
1.317501664e-01 8.185058832e-01 2.914780974e-01 
-4.328539595e-02 1.154022455e+00 7.809818536e-02 
-7.898586988e-01 -1.160015941e+00 4.587445259e-01 

[C6]
1.749308854e-01 -3.505528718e-02 2.941260636e-01 
2.433344275e-01 1.370351911e-01 -1.893977672e-01 
4.151510596e-01 -1.274739206e-01 -4.517683685e-01 

[C7]
1.794291437e-01 4.022388458e-01 -7.993917167e-02 
-3.787073493e-01 -2.988728583e-01 5.175713897e-01 
2.510993779e-01 5.071043372e-01 -4.752350152e-01 

