CNN Kernel File
kernel_index: 17
n_feature_in: 16
kernel_size: 3 x 3

bias: -6.685926020e-02
[C0]
-1.038191393e-01 -9.429802746e-02 -5.203656852e-02 
-1.859733760e-01 -2.327447683e-01 -3.739676997e-02 
-2.285082340e-01 6.902832538e-03 -9.401683509e-02 

[C1]
-3.463152330e-03 -8.236668259e-02 4.119201377e-02 
-7.577491552e-02 -7.464780658e-02 6.585962325e-02 
2.547949366e-02 6.336965412e-02 -3.024465032e-02 

[C2]
2.575869486e-02 -5.012091249e-03 -8.850195259e-02 
5.027648062e-03 -2.751277760e-02 3.832999617e-02 
-2.605591668e-03 4.357544333e-02 -6.632272899e-02 

[C3]
5.634970963e-02 -5.409639329e-02 -7.968225330e-02 
1.001946535e-02 -5.885904655e-02 -2.037879452e-02 
5.096623302e-02 1.909223571e-02 -3.247527033e-02 

[C4]
-1.119037047e-01 -3.195019439e-02 -8.123055100e-03 
-1.726085693e-01 -1.717674583e-01 -6.209328026e-02 
-1.918741912e-01 -8.989691734e-02 -7.605301589e-02 

[C5]
-9.598109871e-03 -5.732851103e-02 1.655003615e-02 
-8.096727729e-02 4.411301389e-02 -4.866839200e-02 
-5.806709826e-02 -8.349677175e-02 -6.923019886e-02 

[C6]
6.172287464e-02 5.261122063e-02 -9.000722319e-02 
-4.175193608e-02 4.995582998e-02 2.310873941e-02 
-6.258600205e-02 -1.103506517e-02 -8.558379859e-02 

[C7]
-5.159835145e-02 -5.703570787e-03 2.923985571e-02 
-7.832981646e-03 3.495448083e-02 1.561653987e-02 
3.719427064e-02 -1.027587429e-02 -3.330782428e-02 

[C8]
6.205054373e-02 2.794464678e-02 5.758143961e-03 
1.781969517e-02 -4.644458741e-02 5.147630721e-02 
-4.934896156e-02 6.022661179e-02 5.407356471e-02 

[C9]
-7.530453801e-02 1.439001295e-03 -1.035012770e-02 
-1.060019359e-01 -6.927168369e-02 -1.228714641e-02 
-1.240284648e-02 -1.764572039e-02 -2.795156650e-02 

[C10]
5.005981028e-02 -4.749631975e-03 4.086704552e-02 
-7.575208694e-02 4.054965917e-03 3.601084277e-02 
-3.173768148e-02 5.471950397e-02 5.335405096e-02 

[C11]
-9.267976880e-02 -5.356933922e-02 -6.052887812e-02 
-5.562509969e-02 -2.610192820e-02 5.685674772e-02 
-1.270397753e-01 -1.423622221e-01 -5.927374586e-02 

[C12]
-8.840847760e-02 -4.320244491e-02 -7.886228710e-02 
-9.093354642e-02 6.783094257e-02 -1.660650410e-02 
2.161059156e-02 -4.556863010e-02 -5.980397761e-02 

[C13]
-1.984857768e-02 -8.521853387e-02 3.109121695e-02 
-7.904260419e-03 3.281487897e-02 5.859476700e-02 
1.810953580e-02 -5.144123361e-02 -6.051034853e-02 

[C14]
-4.048636649e-03 1.900920644e-02 -1.196388807e-02 
-5.022468045e-02 5.747132376e-02 -3.259048611e-02 
5.594975501e-02 -2.201812342e-02 6.123442203e-02 

[C15]
-9.015251882e-03 -7.701214403e-02 -3.485655040e-02 
4.339071736e-02 -5.886650085e-02 3.255587071e-02 
-2.419950627e-02 4.488753900e-02 -3.104854748e-02 

