CNN Kernel File
kernel_index: 4
n_feature_in: 8
kernel_size: 3 x 3

bias: -6.020723581e-01
[C0]
-7.759521715e-03 7.634379715e-02 -2.743445337e-01 
-2.408725172e-01 -2.136846185e-01 -2.788759172e-01 
-2.088892311e-01 -1.489998698e-01 -2.454056740e-01 

[C1]
-1.641007513e-01 3.359998167e-01 1.704507768e-01 
-6.090779975e-02 1.989368200e-01 2.875437737e-01 
1.643145829e-01 3.491246700e-02 3.337650001e-01 

[C2]
8.727914095e-02 -3.684408069e-01 1.316891909e-01 
-4.261848032e-01 7.404045761e-02 5.265000090e-02 
2.455926389e-01 -4.153358042e-01 -9.546741098e-02 

[C3]
-6.949586794e-03 3.240049779e-01 7.084351778e-02 
-1.438429654e-01 1.461312473e-01 9.768773615e-02 
1.046857089e-01 -3.695000708e-01 -6.234999746e-02 

[C4]
3.931967542e-03 4.371958375e-01 -6.225537136e-02 
-1.179033220e-01 3.071105778e-01 -7.748769224e-02 
-1.284988672e-01 -1.023468301e-01 -1.534000635e-01 

[C5]
1.207549497e-01 -9.426609874e-01 -2.384635657e-01 
9.744870663e-02 6.896693110e-01 -2.178256214e-01 
4.399693757e-02 6.598878503e-01 9.995312095e-01 

[C6]
2.417494953e-01 3.494852185e-01 7.233053446e-02 
5.287488457e-03 -1.411322653e-01 1.883080900e-01 
1.416000426e-01 -9.543357790e-02 -1.359537989e-01 

[C7]
2.182922512e-01 -5.668928623e-01 3.645961583e-01 
-3.322642148e-01 1.417691708e+00 6.980778575e-01 
1.121488690e+00 3.668536842e-01 2.051129639e-01 

