CNN Kernel File
kernel_index: 26
n_feature_in: 16
kernel_size: 3 x 3

bias: 2.692918181e-01
[C0]
-1.572281271e-01 -1.145330146e-01 -1.752524264e-02 
2.556447089e-01 3.194754124e-01 5.628044009e-01 
-2.160152644e-01 2.480560243e-01 -1.044331789e-01 

[C1]
-1.702092588e-01 -1.621390879e-01 -1.518297344e-01 
-3.552455455e-02 5.696271360e-02 1.720175892e-01 
-1.054314896e-01 -2.824915349e-01 -1.241505798e-02 

[C2]
-1.995968968e-01 -3.064936399e-01 -2.949214913e-02 
2.845150530e-01 4.355173185e-02 -2.334260643e-01 
-7.297059894e-02 4.669738114e-01 2.565512061e-01 

[C3]
5.727605894e-02 1.866879761e-01 -5.562199950e-01 
-3.285545707e-01 -7.738810033e-02 -4.231692255e-01 
1.546272039e-01 5.883890390e-01 1.248705015e-02 

[C4]
-5.290332437e-01 -9.943614155e-02 -4.777599275e-01 
-8.950997889e-02 -1.380390227e-01 -3.170778751e-01 
3.793717325e-01 -3.251379430e-01 -1.379795820e-01 

[C5]
3.270157427e-02 1.606118307e-02 -2.627583742e-01 
3.156167567e-01 -4.047082067e-01 4.387609363e-01 
4.089770839e-02 4.802881479e-01 1.727574617e-01 

[C6]
2.668218911e-01 3.257426322e-01 -3.071123958e-01 
1.893233210e-01 9.394282103e-01 2.674528956e-01 
-4.947291017e-01 6.424730420e-01 -4.498729408e-01 

[C7]
-1.492081210e-02 4.811149240e-01 -6.463848948e-01 
-1.542633325e-01 7.235400081e-01 1.450218726e-02 
1.085055643e-03 1.415267438e-01 -1.756377816e-01 

[C8]
-8.804596961e-03 -6.989167631e-02 2.933152206e-02 
2.266640961e-02 -9.144280851e-02 -7.399559766e-02 
4.729185998e-02 -9.927237779e-02 -6.669605523e-02 

[C9]
1.167163327e-01 1.156136692e-01 -3.436874449e-01 
3.513343632e-01 2.038806379e-01 -9.599739313e-02 
-1.236530468e-01 2.377182096e-01 -2.240781635e-01 

[C10]
2.194662765e-02 -7.402537763e-02 -3.620462418e-01 
-2.369107306e-01 3.161160350e-01 3.313986659e-01 
-5.420837402e-01 3.891222179e-01 1.713010371e-01 

[C11]
-4.373105615e-02 -1.779570729e-01 4.193394482e-01 
9.644359350e-02 2.929013073e-01 2.186370939e-01 
3.510710895e-01 6.214249134e-01 5.552795902e-02 

[C12]
-2.841870189e-01 5.346388221e-01 -7.622173429e-02 
2.010300905e-01 3.185738325e-01 -1.533788890e-01 
-1.525253654e-01 3.408751786e-01 -3.655301034e-01 

[C13]
-4.268468022e-01 -1.721826494e-01 -1.322309226e-01 
-4.019385576e-02 1.404492855e-01 -3.440942615e-02 
5.053049326e-01 -1.236529462e-02 -1.658056527e-01 

[C14]
-2.406661659e-01 -1.254540235e-01 -3.155688345e-01 
-2.086852677e-02 4.503327608e-01 -3.023558259e-01 
-1.440467089e-01 3.555478156e-01 -2.892917991e-01 

[C15]
-2.073511779e-01 -4.518243968e-01 1.907528341e-01 
1.142217293e-01 3.489488959e-01 2.083002031e-01 
1.496294439e-01 5.357652903e-02 -2.051169239e-02 

