CNN Kernel File
kernel_index: 23
n_feature_in: 16
kernel_size: 3 x 3

bias: 4.325905815e-02
[C0]
-2.905166149e-01 1.901534796e-01 -1.188558102e+00 
-7.233982682e-01 -1.104013085e+00 -8.016178012e-01 
8.293868899e-01 -1.957140565e-01 -1.748679996e+00 

[C1]
2.341170609e-01 2.758556008e-01 2.404937148e-01 
1.019827873e-01 2.374780029e-01 8.470596373e-02 
1.811872274e-01 -1.094225496e-01 -1.913376898e-01 

[C2]
2.480938584e-01 2.467487752e-01 -3.930499256e-01 
2.418095246e-02 -1.702788025e-01 -3.631112725e-02 
-2.670332417e-02 -9.525026381e-02 -8.790058643e-02 

[C3]
-2.236501575e-01 7.896699943e-03 -3.975778818e-02 
-2.684894390e-02 2.161135823e-01 -2.641971223e-02 
-2.163698822e-01 -2.840571478e-02 5.771294981e-02 

[C4]
-2.393840998e-01 -2.451361716e-01 1.474165358e-02 
2.064929307e-01 2.999235690e-01 -9.580082260e-03 
1.561335288e-02 2.281302810e-01 2.665530443e-01 

[C5]
-5.837612748e-01 -1.058896706e-01 -9.460380673e-01 
5.869238377e-01 8.713103831e-02 3.823613226e-01 
1.286576688e-01 3.586530387e-01 -1.204430237e-01 

[C6]
3.574973643e-01 -2.565363646e-01 7.173538208e-01 
-9.008791298e-02 -8.392258547e-03 -4.293250293e-02 
3.686000109e-01 2.098952234e-01 4.760142267e-01 

[C7]
-5.762829781e-01 -9.880358726e-02 2.467079908e-01 
-1.929130778e-02 1.202673092e-01 8.773691207e-02 
1.936691999e-02 8.238712698e-02 2.840835154e-01 

[C8]
-1.644280925e-02 3.713259473e-02 7.393485308e-02 
8.849427849e-02 9.942316264e-02 1.030016318e-01 
6.745894253e-02 3.104194254e-02 1.192120761e-01 

[C9]
2.718997896e-01 3.002986014e-01 -4.123962522e-01 
5.493856072e-01 -8.606687933e-02 5.240279436e-01 
-4.569040835e-01 5.029739738e-01 -1.440019310e-01 

[C10]
2.419950515e-01 1.786720157e-01 -2.353082001e-01 
-1.699877158e-02 2.879762053e-01 -4.322602153e-01 
2.547460496e-01 -9.457375109e-02 1.171301976e-01 

[C11]
-6.658553481e-01 -6.354785562e-01 1.013578624e-01 
-2.897659689e-02 -1.343496740e-01 4.663421959e-02 
2.169989496e-01 -2.375260890e-01 4.025504589e-01 

[C12]
-6.444210559e-02 -8.851269633e-02 2.516161203e-01 
-2.198518962e-01 -3.209091425e-01 8.194288015e-01 
-4.532262217e-03 1.260850485e-02 1.919716746e-01 

[C13]
-2.279183418e-01 3.211167082e-02 8.169228584e-02 
1.035425439e-01 3.423808813e-01 3.164660931e-01 
7.638792694e-02 5.427182093e-02 -4.801746458e-02 

[C14]
-1.795260161e-01 -6.997210532e-02 3.538145721e-01 
1.787644327e-01 2.045433819e-01 -1.205490530e-01 
9.901437908e-02 9.829810262e-02 -7.114742883e-03 

[C15]
-2.349672914e-01 -6.307170987e-01 7.592082769e-02 
-2.420934886e-01 -8.733499795e-02 6.487589329e-03 
-1.298065484e-01 2.229539454e-01 2.047384083e-01 

