CNN Kernel File
kernel_index: 6
n_feature_in: 3
kernel_size: 3 x 3

bias: -6.318052411e-01
[C0]
-1.348230541e-01 2.764855325e-01 4.483565986e-01 
5.007486343e-01 2.884901166e-01 4.970978796e-01 
-1.674328372e-02 5.080348849e-01 6.176540256e-01 

[C1]
-5.056296587e-01 -4.806412160e-01 -3.551114798e-01 
-1.805019677e-01 1.742632091e-01 -1.234332100e-01 
-2.464742959e-01 2.440030426e-01 -1.192505471e-02 

[C2]
-3.652978241e-01 1.436892450e-01 -1.467159856e-02 
-3.230626695e-03 2.552174926e-01 -9.648600966e-02 
2.828318067e-02 4.890530407e-01 2.341444641e-01 

