CNN Kernel File
kernel_index: 0
n_feature_in: 16
kernel_size: 3 x 3

bias: 1.327979416e-01
[C0]
2.942303717e-01 1.799789220e-01 -4.101024568e-01 
-3.055201769e-01 3.335017860e-01 1.134078428e-01 
3.677513599e-01 1.857450306e-01 -6.790534258e-01 

[C1]
-6.377980709e-01 -3.380484413e-03 9.844213724e-02 
2.557975799e-02 3.411061764e-01 -2.957130969e-02 
1.472328324e-03 -6.699601654e-03 6.909485161e-02 

[C2]
8.009981364e-02 -5.015224814e-01 -2.273702472e-01 
9.600222111e-02 2.367682308e-01 -2.498722076e-02 
2.436455488e-01 2.314345352e-02 1.095378920e-01 

[C3]
-2.181174308e-01 -1.094738618e-01 5.017234683e-01 
6.115744263e-02 -6.034718081e-02 1.020107865e-01 
1.427673399e-01 -1.516122073e-01 6.384758651e-02 

[C4]
1.758091599e-01 1.130707860e-01 1.625449210e-02 
-3.269668818e-01 -8.446465433e-02 1.026574373e-01 
-6.890773773e-02 -2.221843302e-01 -4.579681158e-01 

[C5]
-2.708260529e-02 3.198481202e-01 -9.975212626e-03 
2.123963088e-02 5.092687607e-01 4.344066083e-01 
3.497107029e-01 -6.490396261e-01 -1.066500843e-01 

[C6]
-9.826074541e-02 1.495673060e-01 -5.047481880e-02 
4.021684229e-01 2.929153740e-01 -2.543948889e-01 
5.241819620e-01 2.567465007e-01 -6.281546950e-01 

[C7]
7.200915366e-02 8.010626584e-02 -3.412059695e-02 
-4.160197377e-01 1.831447482e-01 -5.343341827e-01 
-2.722962797e-01 2.094711214e-01 -9.094427526e-02 

[C8]
7.656869292e-02 4.747511819e-02 9.686480463e-02 
-1.810194692e-03 -4.904615879e-02 -2.587285452e-02 
8.181276917e-02 7.981772721e-02 5.201148987e-02 

[C9]
-1.145619601e-01 1.158708110e-01 -2.926683724e-01 
1.525723487e-01 4.316804111e-01 5.039815605e-02 
-9.106479585e-02 -1.930428743e-01 -2.762105763e-01 

[C10]
-4.709227681e-01 -1.556709111e-01 3.528675735e-01 
5.757364631e-02 4.324231446e-01 -2.579283118e-01 
-5.870566964e-01 9.363059700e-02 5.024670810e-02 

[C11]
-3.831579089e-01 2.959134281e-01 7.262364626e-01 
3.531837463e-01 6.057885885e-01 -8.822716027e-02 
2.301895916e-01 -2.281410098e-01 -1.562100202e-01 

[C12]
1.938169003e-01 -1.704650819e-01 -2.984690666e-01 
-1.146622095e-02 5.029087141e-02 1.417416781e-01 
-6.987246871e-02 2.714598179e-02 2.231995016e-02 

[C13]
-6.182478070e-01 -1.164938360e-01 -2.178126425e-01 
1.095778793e-01 1.846351773e-01 3.084029257e-01 
8.576133102e-02 -4.234903306e-02 8.178701252e-02 

[C14]
-1.857666373e-01 -3.797137439e-01 1.215359569e-01 
-1.519186199e-01 -2.520789802e-01 1.583416164e-01 
1.770626307e-01 -2.885558410e-03 2.964646816e-01 

[C15]
1.911436468e-01 2.215937972e-01 -4.868363738e-01 
-2.358248532e-01 -7.756518666e-03 7.077930570e-01 
3.323203325e-01 1.217914671e-01 -9.700202197e-02 

