CNN Kernel File
kernel_index: 14
n_feature_in: 16
kernel_size: 3 x 3

bias: -1.920582354e-01
[C0]
2.128445357e-01 -4.067841917e-02 1.175794363e+00 
6.047196984e-01 2.989263237e-01 -8.552175015e-02 
-3.026330769e-01 8.251789212e-02 -1.079473138e+00 

[C1]
-1.183561161e-01 -4.288667142e-01 3.046067953e-01 
1.068061069e-01 -1.516092271e-01 3.477490544e-01 
-5.416399240e-01 1.148772240e+00 -5.109378099e-01 

[C2]
-4.327950180e-01 6.207093596e-01 4.375882745e-01 
4.804217815e-02 -1.576544791e-01 -6.785993576e-01 
3.103487790e-01 -7.484145463e-02 -2.657057643e-01 

[C3]
4.923665524e-01 2.460375726e-01 2.049659789e-01 
-4.479040504e-01 3.779429942e-02 -3.179004490e-01 
1.392365247e-01 -6.823210418e-02 3.641520441e-01 

[C4]
2.706308365e-01 2.489062399e-01 9.395495802e-02 
-1.795354113e-02 -4.488197863e-01 -2.667343058e-02 
2.812492251e-01 4.642673954e-02 7.761100307e-03 

[C5]
-7.208085060e-02 -2.730320953e-02 -1.275897026e-01 
1.428123266e-01 4.401296005e-02 -2.977113426e-01 
3.303537844e-03 1.717423797e-01 4.604157209e-01 

[C6]
-6.816540360e-01 7.947045565e-01 4.506576955e-01 
-6.834143400e-02 5.502031446e-01 1.644603461e-01 
-1.509075910e-01 -3.013682365e-01 3.744386435e-01 

[C7]
-2.230708450e-01 -1.974599510e-01 -4.665304422e-01 
3.659062684e-01 3.914113343e-01 2.064778209e-01 
-3.331055641e-01 3.074592352e-01 1.137912124e-01 

[C8]
3.650254384e-02 -1.720624790e-02 -3.512195125e-02 
1.758587547e-02 3.632000834e-02 4.893373698e-03 
1.338133309e-02 -2.756966278e-02 -1.016476303e-01 

[C9]
4.858579338e-01 8.475890756e-02 -8.037838340e-01 
-1.610790044e-01 -1.462762952e-01 -9.466991574e-02 
2.749017775e-01 4.175281525e-01 -1.971344054e-01 

[C10]
-2.528112531e-01 4.223409593e-01 -1.680469066e-01 
2.150895596e-01 2.954800427e-01 -1.161888465e-01 
-2.284687310e-01 -8.496443927e-02 -6.876222324e-05 

[C11]
-3.658438623e-01 4.491357505e-01 -1.007390738e+00 
-1.481440663e-01 -2.154489458e-01 6.965668201e-01 
-1.677249372e-01 5.209879875e-01 1.745555550e-01 

[C12]
1.566295773e-01 1.432319880e-01 3.447488844e-01 
-6.400178075e-01 -1.295452118e-01 -4.292204380e-01 
-1.002482846e-01 -2.813095786e-02 -2.961256206e-01 

[C13]
1.231961697e-01 1.394858956e-01 -2.521919012e-01 
-8.049922436e-02 -1.975346804e-01 4.124613479e-02 
3.990330100e-01 -9.269849956e-02 2.035593688e-01 

[C14]
2.908627093e-01 -2.708134055e-01 2.495175153e-01 
7.331687212e-02 5.715497136e-01 6.336256117e-02 
-1.649806499e-01 -4.407444298e-01 5.820553899e-01 

[C15]
-1.688966006e-01 2.323610634e-01 -5.838020444e-01 
1.433321387e-01 1.412344873e-01 6.457842141e-02 
1.674879156e-02 -1.208445653e-01 -2.236489803e-01 

