CNN Kernel File
kernel_index: 8
n_feature_in: 8
kernel_size: 3 x 3

bias: -9.799589217e-02
[C0]
-4.401613027e-03 6.760975812e-03 8.415538818e-02 
-9.905274212e-02 -8.967071772e-02 -8.383164555e-02 
-1.065556780e-01 -8.663936704e-02 1.778034866e-02 

[C1]
8.985994384e-03 -1.031939238e-01 -1.568300873e-01 
5.690236390e-02 3.721599001e-03 -1.432268769e-01 
-1.325454116e-01 -1.243435219e-01 9.694333375e-02 

[C2]
-3.163922951e-02 -1.339908242e-01 -1.155609787e-01 
5.293124542e-02 -1.664879173e-02 -9.773979336e-02 
-7.595635206e-02 -9.496521950e-02 -4.250575602e-02 

[C3]
-1.238720417e-01 -1.079333364e-03 3.868773580e-02 
-1.320859492e-01 -7.692125440e-02 -4.097835161e-03 
-1.136853397e-01 -2.465264313e-02 6.959576160e-02 

[C4]
1.555991452e-02 -1.215092391e-01 8.334188722e-03 
7.214159239e-03 6.429040805e-03 -1.354624480e-01 
1.928461343e-02 -1.101671159e-02 -1.185669824e-01 

[C5]
4.674070328e-02 -4.992819577e-02 -7.977742702e-02 
-3.891656920e-02 -5.969411135e-02 5.994359031e-02 
-9.249238670e-02 1.105196588e-02 -3.170445189e-02 

[C6]
1.117735915e-02 -4.288439825e-02 5.165588856e-02 
-3.842086345e-02 -5.321793631e-02 4.155403748e-02 
-5.743373185e-02 -5.070826411e-02 3.928801417e-02 

[C7]
-5.396777764e-02 6.030440331e-03 -6.346581131e-02 
-3.679604083e-02 -8.865806274e-03 -3.005076386e-02 
5.301708356e-02 1.034575999e-01 2.888056822e-02 

