CNN Kernel File
kernel_index: 1
n_feature_in: 16
kernel_size: 3 x 3

bias: 5.423936844e-01
[C0]
-3.447751403e-01 7.511245608e-01 -6.099202633e-01 
-5.074070394e-02 4.762542248e-01 3.047663160e-02 
-1.314280438e-03 2.416023761e-01 3.097106218e-01 

[C1]
2.081830204e-01 7.119161636e-02 3.910918906e-02 
4.129655361e-01 2.827472985e-01 -5.466593429e-02 
1.560834646e-01 3.565137088e-02 1.770846546e-01 

[C2]
-3.445754945e-01 6.263846159e-02 -1.932014823e-01 
4.760490358e-02 1.186469793e-01 2.810800374e-01 
-4.841971397e-01 1.107848659e-01 -2.775327265e-01 

[C3]
1.102361605e-01 3.024672270e-01 -3.978734612e-01 
-2.263388038e-02 2.806484103e-01 1.110789254e-01 
2.493726164e-01 -2.395287901e-01 -1.014874950e-01 

[C4]
2.563292980e-01 1.303601712e-01 1.283079833e-01 
-2.678702027e-02 2.942982316e-01 3.614560962e-01 
-1.371906400e-01 -4.837376531e-03 -1.995680183e-01 

[C5]
5.228577256e-01 1.739753783e-01 1.322083059e-03 
-1.163956672e-01 3.426137567e-01 -1.752948761e-01 
5.080424547e-01 1.221553385e-01 -4.524196386e-01 

[C6]
1.305868268e+00 1.390689254e+00 -1.703669071e+00 
-4.042372406e-01 1.173292100e-01 -1.062972844e-01 
-1.841953635e+00 -2.330860645e-01 1.056715846e+00 

[C7]
2.976560891e-01 -3.408885002e-01 5.145064592e-01 
-2.606473565e-01 -4.749171138e-01 -9.598007202e-01 
-5.605283380e-01 2.462479025e-01 -2.680134475e-01 

[C8]
-4.172910005e-02 1.098779216e-01 -1.017623320e-01 
9.041837603e-02 -2.601762302e-02 1.156041846e-01 
8.858670294e-02 -1.929309219e-02 8.169201761e-02 

[C9]
-3.953423798e-01 5.240653753e-01 1.419834495e-01 
-6.424500793e-02 -7.602708787e-02 1.812107861e-02 
4.369940758e-01 -1.977056712e-01 -7.436228544e-02 

[C10]
5.510259271e-01 -2.026750706e-02 -4.540043175e-01 
3.236640245e-02 1.225236654e-01 1.229584888e-01 
6.881722808e-02 -1.118023247e-01 1.353811175e-01 

[C11]
5.711068958e-02 3.122594059e-01 3.464863300e-01 
-1.723117977e-01 2.305174768e-01 2.631608546e-01 
-6.107233167e-01 3.592280149e-01 2.130375057e-01 

[C12]
-4.332072139e-01 -5.235464126e-02 -3.928931057e-01 
-1.837381162e-02 -1.913572103e-02 1.648167521e-01 
-1.445897669e-01 -4.479764029e-02 -5.624814630e-01 

[C13]
1.971608251e-01 1.372521669e-01 1.582954824e-01 
7.167518139e-02 -8.772385865e-02 5.083690286e-01 
-3.888712227e-01 -1.946731806e-01 -1.858873293e-02 

[C14]
9.332340956e-02 -1.314210296e-01 -4.613937140e-01 
-7.718207687e-02 -1.730266660e-01 -1.092351601e-01 
-2.512828708e-01 -1.008534282e-01 -3.749356791e-02 

[C15]
4.319941998e-01 -2.667595819e-02 -2.503430545e-01 
1.109790057e-01 1.598702669e-01 1.996635795e-01 
-2.739911675e-01 -2.652195096e-01 -7.897230983e-01 

