CNN Kernel File
kernel_index: 31
n_feature_in: 16
kernel_size: 3 x 3

bias: -3.787540272e-02
[C0]
-8.086301088e-01 2.259319276e-01 3.089174330e-01 
-2.832508460e-02 5.740702152e-01 6.020144820e-01 
1.034293771e-01 2.911881804e-01 -6.182730570e-02 

[C1]
2.065614052e-02 -3.555778563e-01 5.455574766e-02 
4.040116668e-01 -3.584540486e-01 -4.436607063e-01 
3.718604147e-02 2.336803079e-01 1.172602177e-01 

[C2]
4.131961763e-01 -2.816790342e-01 2.038778961e-01 
-8.122679591e-01 1.978858858e-01 -6.711148024e-01 
-2.560645044e-01 1.951895356e-01 9.695096314e-02 

[C3]
4.738074839e-01 4.160502255e-01 -1.784580052e-01 
-2.184963524e-01 2.371964604e-01 -8.808709681e-02 
3.488618508e-02 3.104529083e-01 -1.593720019e-01 

[C4]
-1.383548677e-01 -4.396464303e-02 1.921771318e-01 
-1.574849933e-01 2.448521927e-02 5.832675099e-01 
2.071048915e-01 -3.711166680e-01 3.324980140e-01 

[C5]
-5.899502039e-01 1.537040472e-01 -7.424867246e-03 
-1.040420413e+00 4.594023824e-01 -4.739067852e-01 
-3.843395412e-01 1.206648275e-01 2.835817635e-01 

[C6]
-6.646257043e-01 -1.583610326e-01 1.005540416e-01 
5.114748701e-02 8.108741045e-01 5.759095773e-02 
2.950710654e-01 -4.903614894e-02 1.866127700e-01 

[C7]
-2.818991244e-01 3.575026095e-01 4.745902717e-01 
2.276816368e-01 -3.168654442e-01 -3.588386774e-01 
3.513794392e-02 -8.035968542e-01 9.864019156e-01 

[C8]
2.355021425e-02 4.458054900e-02 -1.601879112e-02 
1.333522350e-01 1.299498677e-01 1.043757349e-01 
-8.208075911e-02 -5.416038446e-03 3.666485474e-02 

[C9]
-3.907697499e-01 3.357904255e-01 -3.969418705e-01 
1.421379894e-01 -1.171427295e-01 2.751576006e-01 
5.670904517e-01 -1.317507476e-01 -1.288387030e-01 

[C10]
2.350072116e-01 -5.594627857e-01 4.191166535e-02 
5.866824985e-01 -6.548673511e-01 1.734854281e-02 
7.230724394e-02 -1.202306151e-02 3.639512658e-01 

[C11]
6.418007612e-01 -1.179937273e-01 4.724898338e-01 
9.679866023e-03 -3.163451254e-01 -4.274156392e-01 
-4.025236964e-01 3.198531866e-01 -2.614903450e-01 

[C12]
-3.475304544e-01 1.208859012e-01 -4.973332584e-02 
-6.620834023e-02 -2.189517319e-01 -1.153235137e-01 
2.899466157e-01 1.473412812e-01 -6.396143883e-02 

[C13]
-1.390389353e-01 -3.330542445e-01 6.928449869e-01 
2.323426306e-01 -2.259234041e-01 1.281269193e-01 
6.607617140e-01 2.429915965e-02 -5.731633306e-01 

[C14]
-4.143046737e-01 -3.018809855e-01 -1.805799454e-01 
1.067560554e+00 1.636523306e-01 -2.919978499e-01 
6.133655831e-02 -4.797071815e-01 -7.903650403e-01 

[C15]
-6.913971901e-02 4.382569194e-01 -5.642612278e-02 
2.090313137e-01 8.037739247e-02 9.492194653e-02 
-2.279439121e-01 -1.045404196e+00 -6.108613610e-01 

