CNN Kernel File
kernel_index: 20
n_feature_in: 16
kernel_size: 3 x 3

bias: -4.520294070e-01
[C0]
1.334081143e-01 5.064705610e-01 -8.566261386e-04 
3.244527876e-01 -1.228763387e-01 2.986840308e-01 
-2.101142704e-01 3.285529092e-02 -2.505043745e-01 

[C1]
-2.110607624e-01 4.055029899e-02 2.314436883e-01 
7.511989027e-02 3.853284419e-01 -4.963160753e-01 
1.180469468e-01 5.690362453e-01 -3.973248899e-01 

[C2]
1.344750077e-01 6.229418889e-02 -3.457471132e-01 
2.642687969e-02 2.427727282e-01 3.788952529e-01 
2.739093080e-02 1.484398991e-01 -1.449670643e-01 

[C3]
-3.996049985e-02 -2.008296102e-01 1.389350742e-01 
-1.685850173e-01 -1.012018099e-01 3.225654662e-01 
-2.323495299e-01 7.277905941e-02 2.096290514e-02 

[C4]
-3.531446680e-02 8.999169618e-02 -2.555983663e-01 
1.982137561e-01 -9.087324888e-02 -1.291214526e-01 
-5.215542018e-02 -4.049259052e-02 2.119561434e-01 

[C5]
-1.613063514e-01 -1.343867928e-02 -2.704248130e-01 
2.872968316e-01 2.489963174e-02 -1.704234481e-01 
-2.850632370e-01 -1.652295887e-01 3.436510265e-01 

[C6]
3.818020597e-02 5.297063589e-01 4.861226678e-01 
-1.530530155e-01 3.789020181e-01 -5.907005072e-01 
4.126552641e-01 3.660953641e-01 2.849237919e-01 

[C7]
-3.199847639e-01 -4.031116888e-02 2.500498295e-01 
2.331527472e-01 -5.712617934e-02 2.925983258e-02 
2.184989303e-01 -2.134492695e-01 1.922363043e-02 

[C8]
-1.948200911e-02 -3.963221982e-02 1.128191948e-01 
1.119161099e-01 6.602888554e-02 5.238787830e-02 
9.073797613e-02 1.115766019e-01 2.327794395e-02 

[C9]
1.900316626e-01 1.782456934e-01 3.167089224e-01 
-2.520669401e-01 -6.393031478e-01 1.811363921e-02 
-1.342315078e-01 8.111263812e-02 3.074073792e-01 

[C10]
8.810813725e-02 -7.777154446e-02 4.340540152e-03 
-2.940477133e-01 1.436200924e-02 1.211752966e-01 
3.718080521e-01 2.070197314e-01 -4.772353545e-02 

[C11]
2.235927433e-02 -8.161619306e-02 1.357399970e-01 
-5.405104160e-02 2.767054737e-01 -9.868714958e-02 
-2.005154788e-01 5.674380809e-03 3.639273643e-01 

[C12]
3.494537473e-01 -5.312610865e-01 -1.046804637e-01 
2.246664017e-01 -2.143108658e-02 3.164455295e-01 
3.258767724e-01 1.321014166e-01 -2.468409091e-01 

[C13]
-2.165921032e-01 -5.377281830e-02 1.546163410e-01 
1.998950243e-01 -1.137472242e-01 3.989937007e-01 
1.015048251e-01 -1.389508545e-01 -2.309000790e-01 

[C14]
-2.736787200e-01 -4.542382434e-02 1.423675474e-02 
-3.195112348e-01 -2.530637681e-01 -3.311021924e-01 
5.546900630e-02 -2.100170702e-01 2.018017471e-01 

[C15]
-3.551673144e-02 9.698232263e-02 -8.776164800e-02 
4.082781821e-02 6.807070971e-02 -2.512966394e-01 
2.765012085e-01 -5.174309015e-02 3.470282853e-01 

