CNN Kernel File
kernel_index: 12
n_feature_in: 8
kernel_size: 3 x 3

bias: -2.404936105e-01
[C0]
-3.427133858e-01 -1.821523905e-01 -3.884360194e-02 
-1.932185888e-02 7.282236125e-03 1.949742436e-02 
-3.869076818e-02 -1.826096028e-01 1.945144981e-01 

[C1]
-3.588161469e-01 -2.679641843e-01 -2.968215849e-03 
1.602409035e-01 -5.341428518e-02 1.895536929e-01 
2.687752247e-01 5.906544998e-02 6.575283408e-02 

[C2]
1.549388915e-01 1.600957960e-01 4.740520418e-01 
-4.997376800e-01 -1.274739206e-02 6.404825449e-01 
-3.169303238e-01 -4.970161021e-01 2.357483804e-01 

[C3]
-3.531686068e-01 -1.489803791e-01 2.299264669e-01 
9.164876305e-03 -9.043359011e-02 1.091329232e-01 
-1.826335043e-01 7.316634059e-02 3.324781656e-01 

[C4]
-1.146850511e-01 -4.880427197e-02 5.019572377e-01 
1.102893576e-01 2.756049298e-02 2.119004428e-01 
4.965483770e-02 -1.282966733e-01 3.783153892e-01 

[C5]
5.965415239e-01 1.496197283e-01 -9.763567448e-01 
6.206445694e-01 1.996386945e-01 4.297154546e-01 
9.631524086e-01 -3.695929945e-01 1.321549535e+00 

[C6]
1.765887998e-02 -2.916104198e-01 3.741629422e-01 
-4.608820975e-01 -1.764886528e-01 2.936338261e-02 
1.802530140e-01 -1.016777009e-01 3.939017653e-01 

[C7]
-9.852390289e-01 -8.834518790e-01 -9.683547616e-01 
2.869810164e-01 -4.053107798e-01 9.286384098e-03 
7.204128504e-01 7.043591142e-01 -2.686018348e-01 

