CNN Kernel File
kernel_index: 5
n_feature_in: 8
kernel_size: 3 x 3

bias: 2.212323546e-01
[C0]
1.896066815e-01 2.617835999e-01 2.547480166e-01 
-1.795775890e-01 1.584239006e-01 2.786489427e-01 
-5.060859323e-01 -1.380266398e-01 -4.374139383e-02 

[C1]
2.102206796e-01 5.131164789e-01 1.688814163e-01 
-1.892150939e-01 3.601995409e-01 1.624200344e-01 
-6.198037267e-01 -2.060427517e-01 -1.800285429e-01 

[C2]
4.709362984e-01 -3.523458540e-01 -3.574333489e-01 
5.751388073e-01 2.677751705e-02 -3.953095078e-01 
3.110534847e-01 2.831835747e-01 1.359828264e-01 

[C3]
5.042456463e-02 3.294590414e-01 2.775271833e-01 
1.975058317e-01 1.102064252e-01 1.315129548e-01 
-5.027620792e-01 -2.822728753e-01 -2.426840551e-02 

[C4]
2.880721986e-01 3.359064460e-01 -4.634862393e-02 
-2.361075580e-01 7.644613087e-02 2.085455880e-02 
-5.862212777e-01 -1.666627079e-01 2.028269172e-01 

[C5]
9.711500406e-01 -1.174109355e-01 -5.918179154e-01 
6.746203899e-01 7.496534288e-02 -2.196051925e-01 
4.131892622e-01 -5.850924850e-01 -3.765130639e-01 

[C6]
2.542533875e-01 4.688220024e-01 -3.057317808e-02 
-2.713609338e-01 -3.401400149e-01 5.305010080e-02 
-6.317898631e-01 -1.236752123e-01 4.042855650e-02 

[C7]
8.728185296e-01 -3.852699995e-01 -1.522770643e+00 
-4.998840690e-01 -6.153091192e-01 -1.125838995e+00 
-6.450060606e-01 -8.279062808e-02 3.958431482e-01 

