CNN Kernel File
kernel_index: 7
n_feature_in: 16
kernel_size: 3 x 3

bias: 2.177714556e-02
[C0]
-3.630689085e-01 -6.196305901e-02 -2.320800126e-01 
-8.689603955e-02 -5.309230685e-01 -6.438590288e-01 
-4.296455085e-01 -6.483264267e-03 -5.261472464e-01 

[C1]
7.468723506e-02 -7.657188177e-02 -7.300408185e-02 
1.465854608e-02 6.720300019e-02 -8.264774084e-02 
-5.138336122e-02 6.977361441e-02 3.184986115e-02 

[C2]
-6.886836886e-02 -9.070202708e-02 3.709307639e-03 
-1.037224606e-01 -8.884336799e-02 -6.531078368e-02 
1.397523470e-02 1.716642827e-02 -6.879439950e-02 

[C3]
-4.638889059e-02 -1.107680961e-03 5.757628381e-02 
1.798731275e-02 -8.512061089e-02 1.066606957e-02 
-6.251511723e-02 -3.673923388e-02 -6.011402979e-02 

[C4]
-3.162211180e-02 -2.443902008e-02 2.333655395e-02 
-1.747394539e-02 1.315360237e-02 -1.133266762e-01 
1.977450587e-02 2.894838713e-02 -2.254956961e-02 

[C5]
-7.644590735e-02 4.665479809e-02 2.072556131e-02 
-6.728766859e-02 4.119452089e-02 5.704620853e-02 
5.412145332e-02 -3.184482083e-02 1.398181426e-03 

[C6]
1.658170857e-02 3.814784437e-02 -2.992433868e-02 
-1.058838516e-01 1.944152638e-02 2.847290970e-02 
3.380824253e-02 4.712710902e-02 3.598360717e-02 

[C7]
4.210104421e-02 4.310393333e-02 3.932669014e-02 
-5.514580756e-02 -9.405565262e-02 3.193910047e-02 
-2.675766684e-02 2.981740795e-02 3.246977925e-02 

[C8]
5.527818948e-02 -1.446724683e-02 -5.931454152e-02 
-6.550329179e-02 6.536135823e-02 -1.028320193e-02 
-5.507468432e-02 -6.007010862e-02 9.379535913e-03 

[C9]
-4.821232334e-02 1.418902352e-02 -4.155058041e-02 
-9.194070101e-02 2.779442817e-02 3.038753942e-02 
-4.091029987e-02 -3.247124702e-02 3.054673970e-02 

[C10]
6.216891855e-02 -8.468122035e-02 -2.923389152e-02 
-4.699251056e-02 1.668787561e-02 2.915496565e-02 
-3.850788251e-02 -1.567806304e-02 4.331860226e-03 

[C11]
-2.635833025e-01 -1.937931627e-01 -2.050573230e-01 
-4.899815023e-01 -3.118265569e-01 -1.193258837e-01 
-1.335702986e-01 -2.295692712e-01 -1.942490786e-01 

[C12]
-3.416317701e-02 -9.375261515e-02 -3.346666694e-02 
3.617807105e-02 2.534041926e-02 -1.562649570e-02 
-5.389051884e-02 -7.486118376e-02 -6.772127002e-02 

[C13]
2.586705796e-02 -5.429786630e-03 5.591894686e-02 
3.309431672e-02 -3.036923707e-03 1.521398686e-02 
-5.698554590e-02 2.947287634e-02 -1.777718402e-02 

[C14]
-6.214817520e-03 -3.607173264e-02 4.930079356e-02 
-9.465067834e-02 -2.780251950e-02 1.479221624e-03 
1.750815473e-02 3.397862427e-03 -8.005711436e-02 

[C15]
-4.336889461e-02 -1.096922979e-01 3.739974275e-02 
5.973205436e-03 4.037087038e-02 -6.667770445e-02 
-5.775194615e-02 -3.120820271e-03 -8.373451978e-02 

