CNN Kernel File
kernel_index: 0
n_feature_in: 3
kernel_size: 3 x 3

bias: 1.347381324e-01
[C0]
-8.389975131e-02 -7.969159633e-02 -3.222416341e-01 
-7.205931842e-02 8.200623840e-02 -2.080130577e-01 
4.889725149e-02 -1.865850240e-01 2.395449579e-02 

[C1]
1.560004354e-01 3.888699114e-01 3.070648015e-01 
1.418258101e-01 3.268034458e-01 4.583886638e-02 
2.604720183e-02 4.703355134e-01 3.372787833e-01 

[C2]
1.550467163e-01 2.166687250e-01 2.295526564e-01 
-1.786543429e-01 1.474046260e-01 -2.988246456e-02 
-1.132259518e-01 -1.114089116e-01 1.287829578e-01 

