CNN Kernel File
kernel_index: 11
n_feature_in: 16
kernel_size: 3 x 3

bias: -7.283908874e-02
[C0]
5.621435866e-02 -4.397287965e-02 -1.079207938e-02 
-3.991385549e-02 -6.611488760e-02 3.696189448e-02 
-7.782250643e-02 4.162341729e-02 6.649001688e-02 

[C1]
4.258289991e-04 -3.741987795e-02 -5.787885189e-02 
-5.224880204e-02 -5.662525445e-02 -2.032301761e-02 
5.575191230e-02 4.485263303e-02 6.864245981e-02 

[C2]
2.432227321e-02 4.020031914e-02 -1.403781306e-02 
3.415808454e-02 -9.490517527e-02 -8.312993683e-03 
2.954600193e-02 4.708819836e-02 -2.048253082e-02 

[C3]
-4.676610231e-02 -6.013941392e-02 -6.948401779e-02 
-2.993268147e-02 1.186424401e-02 -5.692344904e-02 
2.731633186e-02 -5.173690617e-02 3.351564286e-03 

[C4]
-1.650410704e-02 4.499299452e-02 -4.852113500e-02 
-5.356267467e-02 -5.548551306e-02 -5.217969045e-02 
-5.986447260e-02 -2.188584395e-02 1.369718369e-02 

[C5]
3.163442388e-02 6.640438735e-02 -1.964171976e-02 
-7.728889585e-02 -9.394714236e-02 -3.815139830e-02 
-7.259194553e-02 1.022490673e-02 -2.375155687e-02 

[C6]
6.848879904e-02 -7.581429929e-02 -2.589343861e-02 
4.412702098e-02 -3.619758785e-02 -7.029492408e-02 
1.536267437e-02 6.973350048e-02 7.922452688e-02 

[C7]
-8.760478348e-02 -5.391914397e-02 -2.615065500e-02 
4.377046973e-02 -8.110476285e-02 4.292019084e-02 
-4.808530584e-02 -3.468651325e-02 -5.051443353e-02 

[C8]
-5.687066913e-02 -6.006582826e-02 3.208746761e-02 
7.513880730e-03 6.028475612e-02 -2.154211327e-02 
3.136060387e-02 -8.283331245e-02 -4.643871635e-02 

[C9]
-5.444224551e-02 -7.965027355e-03 4.005401954e-02 
-4.177335650e-02 -3.115672618e-02 -1.375293639e-02 
-7.372797281e-02 -3.440529481e-02 -2.048259415e-02 

[C10]
1.860378869e-02 -3.344222158e-02 6.604929455e-03 
-8.740672469e-02 -5.337025970e-02 -5.805320665e-02 
-5.167342722e-02 4.571440816e-02 -8.209487796e-02 

[C11]
-3.723376617e-02 -6.576272845e-02 7.655712217e-02 
6.392365694e-02 1.146107633e-02 2.653572708e-02 
2.024593391e-02 1.745812409e-02 -6.489074975e-02 

[C12]
2.205910161e-02 -7.380732894e-02 -8.216620237e-02 
-8.473796397e-02 -5.520676076e-02 -3.544289246e-02 
-6.761183590e-02 -6.730010360e-02 -6.489446759e-02 

[C13]
-7.392104715e-02 -4.148524627e-02 1.939644851e-02 
5.682523549e-02 2.507146820e-02 1.924003474e-02 
4.954612255e-02 -6.651261449e-02 -1.828883775e-02 

[C14]
-8.801473677e-02 4.751046374e-02 6.426182808e-04 
-3.057569265e-02 5.581108108e-02 6.767351925e-02 
-8.411385864e-02 2.721176110e-02 4.266235232e-02 

[C15]
-2.117939992e-03 1.286160201e-02 -5.934038758e-02 
-2.953107283e-02 -1.060940512e-02 1.895949990e-02 
-6.264973432e-02 -8.186570555e-02 2.975894022e-04 

