CNN Kernel File
kernel_index: 13
n_feature_in: 8
kernel_size: 3 x 3

bias: -2.186071873e-01
[C0]
-3.567236289e-02 4.477543533e-01 -2.359869331e-02 
1.772707850e-01 1.400043517e-01 6.786944717e-02 
-1.954456419e-01 7.837913185e-02 4.574546963e-02 

[C1]
-1.733850837e-01 7.545789480e-01 2.333346307e-01 
2.642201819e-02 1.316719502e-01 3.047088087e-01 
-6.335303187e-01 -1.031352282e-01 -5.046235397e-02 

[C2]
-9.827678204e-01 -4.427618682e-01 3.359473348e-01 
2.147806138e-01 -9.523809552e-01 -1.019607782e+00 
6.165363193e-01 5.929147601e-01 3.692789674e-01 

[C3]
-3.805657923e-01 2.868146896e-01 -1.710001826e-01 
2.497144938e-01 9.687941521e-02 -8.257596195e-02 
-4.158568010e-02 1.887332946e-01 2.231294662e-01 

[C4]
8.752031624e-02 1.911899745e-01 1.424642503e-01 
-3.192483187e-01 1.382199526e-01 -2.043114901e-01 
-3.627442718e-01 6.873603165e-02 -1.995441467e-01 

[C5]
-3.418125808e-01 6.304910183e-01 1.753517389e-01 
-9.914512187e-02 1.867634654e-01 6.096822023e-01 
5.176876187e-01 -7.267985940e-01 1.544544548e-01 

[C6]
1.765393466e-01 5.547283292e-01 -9.008792788e-02 
3.197337091e-01 3.332370818e-01 -2.109855562e-01 
-3.628044128e-01 -1.477722526e-01 -3.146740198e-01 

[C7]
-8.689430952e-01 -9.501984715e-01 1.376677513e+00 
-1.081336141e+00 -5.976458192e-01 -1.050138712e+00 
-6.555485725e-01 -4.876623303e-02 -6.982765794e-01 

