CNN Kernel File
kernel_index: 15
n_feature_in: 16
kernel_size: 3 x 3

bias: 1.053798273e-01
[C0]
-2.385345697e-01 -5.318288207e-01 -6.120776534e-01 
6.967306137e-01 -2.771693170e-01 3.069636524e-01 
-7.564757466e-01 6.582980156e-01 1.717863046e-02 

[C1]
3.071254492e-01 1.628337353e-01 -2.692861017e-03 
5.817238614e-02 2.871010602e-01 1.304311454e-01 
5.220497251e-01 2.515887320e-01 -1.445929706e-01 

[C2]
-5.512615666e-02 -1.087124459e-02 2.388473302e-01 
-1.721237600e-01 -7.074946072e-03 2.379028052e-01 
-2.855320275e-01 3.046998382e-01 -1.764107943e-01 

[C3]
-2.029880136e-01 4.378225282e-02 -1.282909662e-01 
-2.431029826e-01 5.579422116e-01 -1.094294339e-01 
-2.010315508e-01 1.115081236e-01 2.175636441e-01 

[C4]
2.160885781e-01 2.610634640e-02 2.806529701e-01 
1.241229996e-01 4.974338785e-02 -7.065931708e-02 
1.105180457e-01 -3.233090788e-02 1.035907120e-01 

[C5]
-1.313712597e-01 1.789283752e-01 -6.363390386e-02 
1.530634314e-01 -1.151374308e-03 1.752707362e-01 
-1.541347057e-01 -2.094773762e-02 -1.101042554e-01 

[C6]
6.967719793e-01 -2.073731422e-01 6.339769959e-01 
-4.515436888e-01 -3.364307880e-01 -1.755595654e-01 
-5.490723252e-01 -3.499957174e-02 2.052499354e-01 

[C7]
3.147269785e-01 6.792849898e-01 -3.884728849e-01 
1.003101561e-02 -2.073165327e-01 3.442640007e-01 
2.181901634e-01 -5.758716166e-02 -3.886991441e-01 

[C8]
-1.009250581e-01 -9.704104066e-02 -2.115143090e-02 
-1.959277876e-02 -2.423421293e-02 -4.926976562e-02 
-2.656627074e-02 -9.555245936e-02 -9.814282507e-02 

[C9]
-4.972586930e-01 -2.219555676e-01 2.573632300e-01 
-5.588119030e-01 4.238406718e-01 -3.082007915e-02 
3.579192609e-02 2.862215042e-01 -1.495534033e-01 

[C10]
-3.326491714e-01 -4.375950992e-01 3.538257182e-01 
-2.290344983e-01 1.643602848e-01 -2.089331299e-01 
-1.244951189e-01 3.595725596e-01 -2.134765498e-02 

[C11]
-2.107604742e-01 1.732567698e-01 1.894448847e-01 
8.200890571e-02 6.051825732e-02 7.757566869e-02 
7.567180693e-02 -2.326567024e-01 -1.426688582e-01 

[C12]
2.492760420e-01 -2.580228448e-02 -4.916882813e-01 
5.269573927e-01 1.383003499e-02 6.875199266e-03 
-2.423421890e-01 2.005067021e-01 -6.721805930e-01 

[C13]
1.774471104e-01 -2.874126434e-01 1.706054956e-01 
2.556911707e-01 1.643113047e-01 1.227619778e-02 
-2.100883275e-01 6.616795063e-02 2.566916049e-01 

[C14]
2.456673980e-01 5.610299110e-01 -1.325703263e-01 
5.890908241e-01 3.410000503e-01 1.596031785e-01 
-3.679963052e-01 2.421515286e-01 -1.497698724e-01 

[C15]
-2.200722247e-01 -9.998114407e-02 -4.063142836e-01 
4.649363756e-01 2.339536995e-01 -1.727607548e-01 
-1.351177990e-01 -8.412111551e-02 -3.769778013e-01 

