CNN Kernel File
kernel_index: 10
n_feature_in: 16
kernel_size: 3 x 3

bias: 1.398885846e-01
[C0]
1.021436974e-01 5.798762441e-01 -2.648315132e-01 
4.355711043e-01 2.139282376e-01 -1.204457402e+00 
-2.495701760e-01 -6.122975349e-01 1.750564426e-01 

[C1]
-1.733057201e-01 9.245450050e-02 -1.395593435e-01 
9.277965128e-02 -3.789200783e-01 -1.518258546e-02 
-3.607154191e-01 -3.442074955e-01 2.538748384e-01 

[C2]
1.896424294e-01 4.157598317e-01 1.738346815e-01 
4.687656760e-01 3.540421277e-02 1.379078478e-01 
-2.101693153e-01 -1.555312425e-01 2.346573621e-01 

[C3]
-5.028812289e-01 2.835863829e-01 -2.443345338e-01 
2.058847249e-01 4.163822234e-01 3.373368979e-01 
5.860079080e-02 -5.357109904e-01 -3.425677121e-01 

[C4]
-4.835138470e-02 -4.130048156e-01 -1.067438424e-01 
-3.184375465e-01 3.007064462e-01 2.780741453e-01 
-5.676471591e-01 -3.042187989e-01 -1.902908981e-01 

[C5]
-2.078462839e-01 1.828278303e-01 -9.973650426e-02 
2.931046784e-01 3.121008575e-01 -1.262082756e-01 
-2.065392435e-01 4.013274610e-02 -1.765413731e-01 

[C6]
-3.840640187e-03 1.240924448e-01 4.274474978e-01 
-1.602933854e-01 6.768352985e-01 1.399859339e-01 
-3.003901243e-01 1.566592753e-01 1.317393333e-01 

[C7]
-1.250535697e-01 -7.723364979e-02 2.082969844e-01 
2.653450705e-02 7.951703668e-02 1.958661079e-01 
-1.320524067e-01 -3.621414602e-01 -5.320463181e-01 

[C8]
5.989367887e-02 -3.812941164e-02 -8.331793547e-02 
-9.130999446e-03 1.701082289e-02 9.911237285e-04 
8.388231695e-02 6.094462797e-02 -6.475171540e-05 

[C9]
-1.589737535e-01 2.747662067e-01 -1.976234652e-02 
-3.803820014e-01 2.400617748e-01 -4.536907971e-01 
-3.393959254e-02 1.285459846e-01 -6.092315316e-01 

[C10]
-4.625037313e-01 1.911516339e-01 -1.891453862e-01 
-9.593933076e-02 4.885378778e-01 -1.329936087e-01 
-3.638308346e-01 -3.754649758e-01 1.927920729e-01 

[C11]
2.623516321e-01 3.774614036e-01 9.264840931e-02 
2.424689475e-03 3.430004120e-01 -4.217981100e-01 
-5.072493553e-01 2.015333474e-01 2.353293300e-01 

[C12]
-5.413045362e-02 4.020191133e-01 -2.405176461e-01 
-2.850611806e-01 -1.441054791e-01 -8.267664909e-02 
-3.166961670e-02 4.160135239e-02 4.872944355e-01 

[C13]
2.822235823e-01 -1.239803061e-01 8.478344232e-02 
-1.150207743e-01 -2.617719769e-01 -9.581626207e-02 
-5.817993283e-01 -1.004500687e-01 2.313424349e-01 

[C14]
1.796517968e-01 2.039140016e-01 -8.809142560e-02 
-4.075665772e-02 1.423565745e-01 3.941417858e-02 
-2.616754174e-02 2.212557346e-01 7.132151723e-02 

[C15]
1.552042067e-01 1.552718785e-02 -1.846300960e-01 
3.770556748e-01 2.158716619e-01 -4.677145183e-02 
-2.493366152e-01 -2.388101965e-01 -4.527729452e-01 

