CNN Kernel File
kernel_index: 1
n_feature_in: 3
kernel_size: 3 x 3

bias: -9.958142638e-01
[C0]
2.322790027e-01 3.395495117e-01 2.292505354e-01 
-9.253893793e-02 1.844112873e-01 1.798835993e-01 
-2.361677028e-02 -2.427452654e-01 4.130317643e-02 

[C1]
7.288060337e-02 3.225394711e-02 9.473802149e-02 
1.467672735e-01 9.990367293e-02 -8.944465965e-02 
-8.937679976e-02 6.207572296e-02 -2.693936825e-01 

[C2]
5.396985412e-01 3.662809730e-01 4.416510165e-01 
2.887457907e-01 8.389628530e-01 5.859228373e-01 
3.763230443e-01 2.157195807e-01 1.919619888e-01 

