CNN Kernel File
kernel_index: 29
n_feature_in: 16
kernel_size: 3 x 3

bias: -7.972064614e-02
[C0]
-4.728078377e-03 -4.426510632e-02 -1.636842964e-03 
5.267447233e-02 1.909425482e-02 3.857361153e-02 
8.423702791e-03 -7.422984112e-03 4.226014391e-02 

[C1]
-6.975237280e-02 1.700064167e-02 -2.737601846e-02 
-7.789580524e-02 -1.945922710e-02 1.549729425e-02 
4.538179561e-02 6.202805042e-02 -5.510483310e-02 

[C2]
3.606081009e-02 -1.482481370e-03 2.998765744e-02 
4.148584604e-02 -4.922028258e-02 -3.233874589e-02 
-8.068541065e-03 6.757394294e-04 -1.356118545e-02 

[C3]
3.716384992e-02 -9.562817961e-02 -2.663676254e-02 
-3.323948383e-02 -7.477368228e-03 3.865655139e-02 
-9.306714684e-02 -5.995624885e-02 -3.616461158e-02 

[C4]
-1.882123388e-02 -7.765635103e-02 -5.540029332e-02 
1.844723942e-03 -1.996340929e-03 -3.203872964e-02 
1.497414429e-02 -5.684637651e-02 -1.357788593e-02 

[C5]
-2.555308491e-02 -4.667552188e-02 -9.340496734e-03 
-9.459789097e-02 -1.343354862e-02 -2.532310039e-02 
-5.802771822e-02 -6.655883789e-02 -1.531657390e-02 

[C6]
-3.502051532e-02 -7.476177812e-02 -3.956770524e-02 
2.135573141e-02 4.776194692e-02 5.374469608e-02 
-9.902171791e-03 2.479659859e-03 -3.345227614e-02 

[C7]
-5.950463936e-02 -2.372144535e-02 7.831756026e-03 
-4.768903553e-02 -6.978766620e-02 5.891757086e-02 
-7.954118401e-02 3.640077263e-02 -8.708766103e-02 

[C8]
-4.503687471e-02 -7.480348647e-02 -2.029078454e-02 
1.470372826e-02 -7.234388590e-02 3.788844496e-02 
-7.023655623e-02 8.138417453e-02 -7.668801397e-02 

[C9]
-3.667705879e-02 2.957098419e-03 -6.600984186e-02 
4.717031028e-03 -6.641600281e-02 -2.517445199e-02 
3.907230124e-02 -4.769785330e-02 3.629860282e-02 

[C10]
-6.537411362e-02 6.388209760e-02 -9.186355025e-02 
-3.921959177e-02 1.994109154e-02 2.171839587e-04 
5.595120043e-02 -1.384284254e-02 -8.180150390e-02 

[C11]
5.260302126e-02 -3.479176387e-02 8.293435909e-03 
-6.300567091e-02 2.475851029e-02 -5.504309759e-02 
-5.516303703e-02 -3.525791923e-03 5.629106238e-02 

[C12]
4.095679522e-02 -6.226656213e-02 -3.529380076e-03 
-1.036233641e-02 -3.142661974e-02 7.360108197e-03 
7.404038310e-02 -4.069485515e-02 -6.030053273e-02 

[C13]
-9.024763852e-02 -5.210014060e-02 1.977596059e-02 
-6.590152532e-02 2.157522365e-02 -7.060862146e-03 
-8.822389692e-02 -3.791701281e-03 -1.170773897e-02 

[C14]
-6.829926372e-02 -5.466655269e-02 4.677390307e-02 
3.448721394e-02 -1.057688370e-01 3.430043906e-02 
-6.275510043e-02 -2.548285574e-02 -9.851802886e-02 

[C15]
3.144181147e-02 3.694682568e-02 1.326458808e-02 
-6.364729255e-02 -6.499986351e-02 -6.609662622e-02 
-3.155441722e-03 2.016328834e-02 -7.878646255e-02 

