CNN Kernel File
kernel_index: 21
n_feature_in: 16
kernel_size: 3 x 3

bias: 7.396319881e-03
[C0]
3.500943305e-03 3.283413500e-02 2.016160451e-02 
4.467777535e-02 -6.128064170e-02 1.359477043e-01 
1.516798139e-01 -6.136208400e-02 9.293413907e-02 

[C1]
-7.673146576e-02 -7.193248719e-02 6.287332624e-02 
-9.411845356e-02 -9.459381551e-02 8.453084156e-03 
-6.255651359e-03 -9.870008379e-02 -1.165701076e-01 

[C2]
-3.267522529e-02 -3.649121616e-03 1.304490119e-02 
-9.690319002e-02 -4.734845832e-02 -1.025149077e-01 
2.958312817e-02 -3.283577040e-02 8.227877319e-03 

[C3]
-1.067995802e-01 -7.963903248e-02 2.047031559e-02 
2.694219165e-02 -9.763264656e-02 3.023375385e-02 
-4.787560180e-02 3.916026652e-02 -1.305771060e-02 

[C4]
-1.091723442e-01 8.338018321e-03 -4.554431140e-02 
-9.417087585e-02 -2.930682525e-02 6.385786086e-02 
1.037149280e-01 -1.923898421e-02 7.508828276e-05 

[C5]
-2.168269642e-02 -1.266660839e-01 -4.494523630e-02 
-3.659912571e-02 -1.258222014e-01 -5.366482958e-02 
-8.488458395e-02 -5.623172969e-03 -9.896750748e-02 

[C6]
4.951551929e-02 3.759434447e-02 1.201492921e-02 
-2.184990607e-02 -9.607034922e-02 -4.492114298e-03 
-9.019496292e-02 1.384795830e-02 -3.723315895e-02 

[C7]
3.723772243e-02 -6.610774249e-02 -4.840811715e-03 
9.276717901e-03 -6.992238015e-02 4.544668645e-02 
-8.665926754e-02 3.698578104e-02 -5.663335323e-02 

[C8]
-7.546743751e-02 -2.760761976e-02 4.489224404e-02 
-7.881508768e-02 -1.685883850e-02 -6.204402447e-02 
-2.381680533e-02 2.930755168e-02 -2.458797023e-02 

[C9]
-3.318480402e-02 -7.210193574e-02 -1.197641790e-01 
-7.871756330e-03 -1.493133754e-01 -2.181414329e-02 
-1.062284335e-01 2.768864296e-02 -2.075837180e-02 

[C10]
1.956455410e-02 -8.554038592e-03 -9.928090870e-02 
3.476279229e-02 1.104464987e-03 -3.037670255e-02 
-9.329522401e-02 -9.952252731e-03 -7.883784920e-02 

[C11]
-5.127318203e-03 1.091149356e-02 8.807856590e-02 
-5.660368130e-02 7.612241898e-03 8.880900592e-02 
9.346176870e-03 8.670441061e-02 7.363983244e-02 

[C12]
-6.504195277e-03 5.327315629e-02 2.393024415e-02 
-1.147732362e-01 -9.351398796e-02 -1.061613038e-01 
-5.561477318e-02 3.547772765e-02 -3.227370977e-02 

[C13]
-4.160143435e-02 -4.237142950e-02 -6.865033507e-02 
-8.362523280e-03 -5.568926036e-02 5.468748044e-03 
2.630963549e-02 4.727801308e-02 4.224256799e-02 

[C14]
-9.477286786e-02 2.411231212e-02 -2.387231775e-02 
-8.549037576e-02 6.871578284e-03 -5.546238273e-02 
3.572329134e-02 -1.910305396e-02 -2.914231457e-02 

[C15]
-1.300977319e-01 7.675635628e-03 -6.271651387e-02 
-1.207900122e-01 -7.886053622e-02 -3.960859030e-02 
-3.983910382e-02 2.190375328e-02 -5.636551604e-02 

