CNN Kernel File
kernel_index: 3
n_feature_in: 8
kernel_size: 3 x 3

bias: -4.007102980e-04
[C0]
2.362453640e-01 3.853870630e-01 -1.157991439e-01 
5.434984341e-02 -1.121782116e-03 1.566999257e-01 
-1.677144617e-01 -1.938091964e-01 1.811698824e-01 

[C1]
2.948780060e-01 3.977601230e-01 -2.550407946e-01 
-3.512271941e-01 -2.009192705e-01 -1.380401254e-01 
-2.223978639e-01 -6.951478124e-01 1.507571787e-01 

[C2]
-2.616444826e-01 7.350195050e-01 2.674863338e-01 
1.465148330e-01 8.964504600e-01 -3.470689058e-01 
3.697410524e-01 7.515598536e-01 -2.665416896e-01 

[C3]
1.506254673e-01 4.766991735e-01 -1.657127589e-01 
2.271659970e-01 2.317991704e-01 9.070818126e-02 
3.281839192e-02 -2.334916294e-01 7.992686331e-02 

[C4]
4.413822293e-01 3.617521226e-01 8.577106893e-02 
1.234322265e-01 1.036735177e-01 -1.841767877e-02 
-1.547123641e-01 -2.915682495e-01 2.017209381e-01 

[C5]
-4.178559184e-01 -6.240201592e-01 -2.878555655e-01 
2.915406823e-01 -9.815611690e-02 -5.854966044e-01 
-1.497468352e-01 2.363762558e-01 1.284131408e-01 

[C6]
2.043801099e-01 4.445974529e-01 -5.264519453e-01 
-1.221391484e-01 -4.576116428e-02 -1.355012357e-01 
9.943910688e-02 2.597880661e-01 3.391608298e-01 

[C7]
-5.904247761e-01 -1.529539466e+00 -1.898879170e+00 
3.210725635e-02 -2.819036543e-01 -1.045445725e-01 
3.199939057e-02 -6.665295959e-01 -3.256668448e-01 

