CNN Kernel File
kernel_index: 6
n_feature_in: 8
kernel_size: 3 x 3

bias: 9.747304320e-01
[C0]
1.370608509e-01 4.093995988e-01 5.444869399e-01 
4.172792137e-01 3.861768842e-01 1.545509398e-01 
2.825820744e-01 2.883644998e-01 8.561027795e-02 

[C1]
-4.491439164e-01 -4.668989778e-01 -3.361755311e-01 
-2.555982582e-02 -1.463223249e-01 -5.059374124e-02 
-2.213971913e-01 -3.785261810e-01 -1.202551797e-01 

[C2]
2.549830824e-02 6.852263212e-01 5.658006296e-02 
6.974192858e-01 7.176226377e-01 -4.320507348e-01 
4.984233677e-01 6.900013685e-01 -4.718373716e-01 

[C3]
1.716749370e-01 -7.631410956e-01 -2.898575962e-01 
1.014126316e-01 -9.651330709e-01 -3.640754223e-01 
-9.593383670e-01 -9.186567664e-01 -5.179244280e-01 

[C4]
1.209779754e-01 4.652927816e-02 -6.047073379e-02 
1.030700207e-01 4.201564491e-01 -3.545134142e-02 
4.427967668e-01 3.450705111e-01 -5.687541962e-01 

[C5]
-2.865312994e-01 7.695582509e-01 2.915061414e-01 
4.719247818e-01 -5.267149955e-02 -5.853779316e-01 
4.566435218e-01 4.000385702e-01 1.128069386e-01 

[C6]
-6.617425084e-01 3.180868924e-01 -1.372651756e-01 
-5.880187750e-01 1.758572161e-01 -3.141468167e-01 
2.499942482e-02 -2.805381119e-01 -6.829767227e-01 

[C7]
-1.096228600e+00 -2.423540801e-01 -9.524036646e-01 
5.999694467e-01 -3.379449546e-01 -7.497866750e-01 
8.812714368e-02 3.675057888e-01 5.832116678e-02 

